A,C,D,E,F,G,H,I,K,L,M,N,P,Q,R,S,T,V,W,Y,
20.00,0.00,10.00,5.00,0.00,20.00,0.00,0.00,0.00,10.00,0.00,0.00,25.00,0.00,0.00,5.00,0.00,5.00,0.00,0.00,
0.00,20.00,3.33,3.33,3.33,3.33,6.67,6.67,6.67,0.00,0.00,13.33,3.33,0.00,0.00,6.67,10.00,3.33,6.67,3.33,
14.29,7.14,7.14,0.00,3.57,10.71,0.00,3.57,14.29,14.29,7.14,3.57,0.00,0.00,0.00,3.57,7.14,3.57,0.00,0.00,
10.53,0.00,0.00,0.00,10.53,5.26,0.00,15.79,10.53,10.53,5.26,5.26,5.26,0.00,0.00,10.53,5.26,5.26,0.00,0.00,
17.14,0.00,0.00,5.71,2.86,17.14,0.00,2.86,22.86,11.43,0.00,0.00,2.86,0.00,5.71,0.00,0.00,11.43,0.00,0.00,
0.00,0.00,0.00,0.00,0.00,0.00,0.00,25.00,0.00,0.00,0.00,0.00,0.00,0.00,37.50,0.00,0.00,12.50,25.00,0.00,
0.00,7.69,15.38,3.85,3.85,3.85,0.00,3.85,0.00,15.38,0.00,7.69,0.00,11.54,3.85,7.69,7.69,7.69,0.00,0.00,
9.68,0.00,3.23,3.23,0.00,22.58,0.00,9.68,16.13,9.68,0.00,6.45,0.00,0.00,0.00,3.23,3.23,12.90,0.00,0.00,
13.79,6.90,6.90,0.00,3.45,3.45,0.00,3.45,17.24,10.34,6.90,10.34,0.00,0.00,0.00,0.00,10.34,6.90,0.00,0.00,
2.22,2.22,8.89,17.78,8.89,4.44,0.00,4.44,8.89,11.11,4.44,4.44,2.22,2.22,6.67,4.44,2.22,4.44,0.00,0.00,
3.85,0.00,0.00,3.85,0.00,26.92,0.00,7.69,0.00,26.92,0.00,11.54,0.00,0.00,0.00,15.38,3.85,0.00,0.00,0.00,
0.00,17.02,4.26,2.13,2.13,14.89,4.26,0.00,6.38,10.64,2.13,4.26,2.13,0.00,12.77,4.26,6.38,4.26,0.00,2.13,
15.00,0.00,0.00,10.00,10.00,0.00,0.00,5.00,5.00,5.00,0.00,5.00,5.00,5.00,5.00,15.00,5.00,5.00,0.00,5.00,
0.00,0.00,0.00,0.00,0.00,59.09,0.00,0.00,0.00,36.36,0.00,0.00,4.55,0.00,0.00,0.00,0.00,0.00,0.00,0.00,
14.29,3.57,3.57,7.14,0.00,10.71,3.57,3.57,7.14,7.14,3.57,14.29,7.14,0.00,7.14,3.57,0.00,0.00,0.00,3.57,
10.00,0.00,3.33,3.33,6.67,20.00,0.00,3.33,13.33,13.33,3.33,0.00,0.00,3.33,0.00,6.67,3.33,10.00,0.00,0.00,
6.67,0.00,0.00,0.00,6.67,6.67,0.00,6.67,33.33,20.00,0.00,0.00,0.00,0.00,0.00,0.00,0.00,13.33,6.67,0.00,
13.51,0.00,2.70,2.70,2.70,10.81,0.00,13.51,18.92,2.70,0.00,2.70,2.70,8.11,2.70,0.00,2.70,10.81,2.70,0.00,
15.00,0.00,5.00,5.00,15.00,0.00,0.00,10.00,0.00,5.00,0.00,0.00,0.00,10.00,5.00,15.00,10.00,5.00,0.00,0.00,
0.00,19.35,3.23,3.23,3.23,12.90,0.00,0.00,3.23,3.23,0.00,6.45,3.23,0.00,3.23,3.23,19.35,9.68,0.00,6.45,
10.53,0.00,0.00,0.00,0.00,21.05,0.00,0.00,26.32,0.00,0.00,0.00,0.00,5.26,15.79,10.53,5.26,5.26,0.00,0.00,
9.09,0.00,0.00,0.00,0.00,27.27,0.00,0.00,9.09,0.00,0.00,9.09,18.18,9.09,0.00,0.00,0.00,9.09,0.00,0.00,
22.22,0.00,0.00,0.00,0.00,0.00,0.00,11.11,11.11,22.22,0.00,0.00,0.00,0.00,33.33,0.00,0.00,0.00,0.00,0.00,
0.00,11.11,3.70,0.00,11.11,3.70,7.41,3.70,11.11,0.00,3.70,3.70,3.70,3.70,0.00,14.81,7.41,11.11,0.00,0.00,
13.33,0.00,0.00,0.00,0.00,0.00,0.00,26.67,26.67,0.00,6.67,13.33,0.00,0.00,0.00,6.67,0.00,0.00,6.67,0.00,
5.00,10.00,5.00,5.00,2.50,5.00,0.00,5.00,5.00,7.50,2.50,0.00,5.00,2.50,15.00,12.50,5.00,5.00,2.50,0.00,
0.00,0.00,20.00,13.33,13.33,0.00,0.00,0.00,0.00,13.33,0.00,13.33,0.00,0.00,0.00,20.00,0.00,0.00,0.00,6.67,
20.00,0.00,5.00,5.00,15.00,0.00,0.00,10.00,10.00,5.00,0.00,0.00,5.00,10.00,0.00,15.00,0.00,0.00,0.00,0.00,
7.41,0.00,0.00,7.41,7.41,7.41,3.70,11.11,29.63,3.70,7.41,0.00,0.00,3.70,0.00,3.70,3.70,0.00,3.70,0.00,
5.00,10.00,10.00,15.00,0.00,5.00,0.00,0.00,5.00,15.00,0.00,0.00,5.00,5.00,0.00,15.00,10.00,0.00,0.00,0.00,
4.35,4.35,4.35,4.35,6.52,19.57,2.17,13.04,17.39,4.35,2.17,2.17,0.00,0.00,2.17,2.17,2.17,8.70,0.00,0.00,
2.78,16.67,0.00,0.00,11.11,16.67,5.56,2.78,8.33,5.56,0.00,2.78,5.56,0.00,2.78,11.11,0.00,2.78,5.56,0.00,
4.76,14.29,0.00,0.00,0.00,11.90,2.38,4.76,2.38,2.38,0.00,2.38,9.52,2.38,14.29,9.52,0.00,7.14,4.76,7.14,
0.00,0.00,0.00,0.00,0.00,0.00,0.00,0.00,20.00,60.00,0.00,0.00,0.00,0.00,20.00,0.00,0.00,0.00,0.00,0.00,
6.06,0.00,3.03,0.00,6.06,18.18,3.03,12.12,6.06,3.03,0.00,6.06,0.00,0.00,12.12,9.09,0.00,12.12,0.00,3.03,
2.70,16.22,0.00,0.00,0.00,10.81,0.00,2.70,18.92,2.70,8.11,2.70,8.11,5.41,5.41,5.41,2.70,8.11,0.00,0.00,
13.33,0.00,6.67,6.67,0.00,13.33,0.00,6.67,0.00,13.33,0.00,20.00,0.00,6.67,0.00,6.67,6.67,0.00,0.00,0.00,
13.79,0.00,0.00,0.00,3.45,3.45,0.00,10.34,10.34,6.90,0.00,6.90,6.90,0.00,13.79,0.00,3.45,13.79,3.45,3.45,
10.53,0.00,0.00,0.00,10.53,0.00,15.79,10.53,0.00,15.79,0.00,5.26,5.26,0.00,0.00,10.53,5.26,10.53,0.00,0.00,
4.76,9.52,0.00,0.00,9.52,23.81,0.00,9.52,9.52,9.52,0.00,0.00,0.00,0.00,0.00,4.76,9.52,9.52,0.00,0.00,
9.09,6.06,6.06,0.00,3.03,12.12,0.00,6.06,15.15,15.15,0.00,3.03,0.00,0.00,0.00,9.09,9.09,3.03,3.03,0.00,
21.43,0.00,0.00,0.00,7.14,0.00,0.00,7.14,7.14,21.43,0.00,7.14,0.00,0.00,7.14,0.00,14.29,0.00,7.14,0.00,
12.50,0.00,0.00,0.00,8.33,12.50,0.00,8.33,20.83,12.50,0.00,0.00,4.17,4.17,0.00,4.17,0.00,8.33,4.17,0.00,
12.50,8.33,0.00,0.00,8.33,4.17,0.00,4.17,12.50,16.67,8.33,0.00,8.33,0.00,0.00,4.17,4.17,8.33,0.00,0.00,
9.09,6.06,6.06,0.00,0.00,9.09,0.00,3.03,12.12,15.15,3.03,3.03,0.00,3.03,0.00,18.18,3.03,9.09,0.00,0.00,
8.70,17.39,6.52,6.52,6.52,8.70,0.00,2.17,10.87,2.17,0.00,2.17,6.52,4.35,6.52,4.35,0.00,4.35,2.17,0.00,
6.67,17.78,0.00,0.00,2.22,6.67,0.00,0.00,11.11,11.11,0.00,6.67,4.44,2.22,11.11,11.11,4.44,2.22,0.00,2.22,
0.00,0.00,0.00,0.00,8.82,11.76,0.00,2.94,5.88,2.94,0.00,5.88,29.41,8.82,5.88,0.00,2.94,5.88,2.94,5.88,
4.88,14.63,4.88,4.88,7.32,4.88,4.88,4.88,12.20,2.44,2.44,4.88,2.44,0.00,4.88,2.44,4.88,7.32,0.00,4.88,
16.67,8.33,0.00,0.00,8.33,0.00,0.00,8.33,8.33,8.33,0.00,4.17,8.33,0.00,4.17,4.17,4.17,16.67,0.00,0.00,
9.09,0.00,4.55,13.64,0.00,13.64,0.00,0.00,9.09,0.00,0.00,0.00,18.18,9.09,4.55,13.64,0.00,0.00,0.00,4.55,
2.78,16.67,0.00,0.00,0.00,19.44,2.78,2.78,8.33,0.00,0.00,11.11,5.56,8.33,5.56,5.56,0.00,2.78,2.78,5.56,
5.56,0.00,22.22,22.22,0.00,0.00,0.00,0.00,0.00,11.11,0.00,5.56,0.00,0.00,0.00,16.67,5.56,0.00,0.00,11.11,
6.25,6.25,0.00,0.00,6.25,25.00,0.00,0.00,18.75,6.25,0.00,0.00,6.25,0.00,12.50,0.00,0.00,6.25,6.25,0.00,
5.56,0.00,5.56,0.00,11.11,11.11,0.00,5.56,5.56,5.56,11.11,22.22,0.00,0.00,0.00,11.11,0.00,5.56,0.00,0.00,
5.88,17.65,2.94,2.94,0.00,17.65,2.94,2.94,2.94,0.00,0.00,8.82,5.88,5.88,5.88,5.88,0.00,2.94,2.94,5.88,
0.00,16.22,0.00,2.70,2.70,2.70,2.70,0.00,10.81,2.70,2.70,8.11,0.00,5.41,8.11,13.51,10.81,5.41,2.70,2.70,
0.00,0.00,10.00,0.00,10.00,10.00,10.00,0.00,10.00,10.00,10.00,0.00,0.00,0.00,0.00,10.00,10.00,10.00,0.00,0.00,
0.00,0.00,0.00,0.00,0.00,0.00,0.00,7.69,23.08,7.69,0.00,0.00,15.38,0.00,15.38,0.00,0.00,0.00,30.77,0.00,
11.11,0.00,0.00,5.56,2.78,19.44,0.00,5.56,25.00,11.11,0.00,0.00,2.78,0.00,2.78,2.78,0.00,11.11,0.00,0.00,
0.00,0.00,6.67,6.67,6.67,20.00,0.00,0.00,6.67,6.67,0.00,13.33,6.67,6.67,0.00,0.00,6.67,6.67,0.00,6.67,
4.00,0.00,0.00,4.00,0.00,8.00,0.00,0.00,28.00,16.00,8.00,4.00,0.00,0.00,12.00,8.00,0.00,0.00,8.00,0.00,
9.52,14.29,4.76,4.76,0.00,0.00,0.00,0.00,33.33,14.29,0.00,4.76,4.76,0.00,0.00,0.00,4.76,0.00,0.00,4.76,
9.52,19.05,0.00,4.76,0.00,9.52,0.00,9.52,0.00,4.76,0.00,0.00,0.00,0.00,4.76,9.52,14.29,9.52,4.76,0.00,
0.00,17.14,2.86,2.86,0.00,8.57,5.71,0.00,8.57,11.43,5.71,2.86,0.00,0.00,20.00,0.00,5.71,2.86,0.00,5.71,
5.00,0.00,0.00,10.00,15.00,20.00,0.00,10.00,10.00,10.00,0.00,5.00,0.00,0.00,0.00,5.00,0.00,10.00,0.00,0.00,
5.88,0.00,0.00,5.88,11.76,5.88,0.00,5.88,11.76,0.00,0.00,0.00,23.53,11.76,17.65,0.00,0.00,0.00,0.00,0.00,
0.00,17.14,2.86,2.86,0.00,8.57,5.71,0.00,5.71,11.43,5.71,2.86,0.00,0.00,20.00,0.00,8.57,2.86,0.00,5.71,
20.83,8.33,0.00,8.33,4.17,4.17,4.17,4.17,8.33,4.17,8.33,0.00,4.17,0.00,0.00,4.17,0.00,12.50,0.00,4.17,
2.08,16.67,10.42,4.17,0.00,2.08,6.25,6.25,10.42,4.17,4.17,6.25,4.17,0.00,6.25,8.33,4.17,0.00,0.00,4.17,
4.26,17.02,2.13,4.26,8.51,14.89,4.26,0.00,4.26,4.26,0.00,6.38,0.00,2.13,12.77,6.38,4.26,4.26,0.00,0.00,
2.94,14.71,0.00,0.00,0.00,8.82,2.94,5.88,8.82,8.82,2.94,5.88,2.94,0.00,0.00,11.76,14.71,8.82,0.00,0.00,
17.95,0.00,2.56,2.56,0.00,12.82,2.56,10.26,7.69,7.69,0.00,2.56,0.00,10.26,10.26,0.00,7.69,2.56,2.56,0.00,
0.00,0.00,15.38,0.00,15.38,7.69,0.00,7.69,15.38,15.38,0.00,0.00,0.00,0.00,0.00,7.69,0.00,15.38,0.00,0.00,
16.00,0.00,4.00,4.00,4.00,12.00,0.00,4.00,12.00,8.00,12.00,4.00,0.00,0.00,0.00,4.00,4.00,8.00,4.00,0.00,
6.90,0.00,0.00,0.00,0.00,17.24,3.45,13.79,10.34,10.34,0.00,0.00,3.45,0.00,20.69,0.00,3.45,6.90,0.00,3.45,
12.50,8.33,0.00,0.00,8.33,4.17,0.00,12.50,12.50,16.67,0.00,4.17,8.33,0.00,0.00,4.17,4.17,4.17,0.00,0.00,
0.00,20.00,0.00,0.00,0.00,15.00,0.00,0.00,5.00,0.00,0.00,5.00,5.00,5.00,25.00,0.00,0.00,0.00,10.00,10.00,
16.13,0.00,0.00,3.23,0.00,6.45,0.00,0.00,16.13,12.90,3.23,12.90,0.00,6.45,0.00,0.00,6.45,12.90,3.23,0.00,
0.00,0.00,0.00,0.00,7.69,15.38,0.00,7.69,7.69,46.15,0.00,0.00,7.69,0.00,0.00,7.69,0.00,0.00,0.00,0.00,
0.00,0.00,0.00,0.00,0.00,7.69,0.00,7.69,0.00,46.15,0.00,15.38,7.69,0.00,0.00,7.69,0.00,7.69,0.00,0.00,
12.50,8.33,0.00,0.00,12.50,4.17,0.00,20.83,16.67,8.33,0.00,0.00,8.33,0.00,0.00,4.17,4.17,0.00,0.00,0.00,
16.67,8.33,0.00,0.00,12.50,8.33,0.00,12.50,16.67,8.33,0.00,0.00,8.33,0.00,0.00,4.17,0.00,4.17,0.00,0.00,
8.82,5.88,2.94,0.00,2.94,11.76,0.00,2.94,14.71,20.59,0.00,5.88,0.00,5.88,0.00,8.82,5.88,2.94,0.00,0.00,
33.33,0.00,0.00,0.00,0.00,14.29,0.00,9.52,19.05,9.52,4.76,0.00,0.00,0.00,0.00,4.76,0.00,4.76,0.00,0.00,
5.00,10.00,0.00,0.00,15.00,0.00,0.00,0.00,10.00,35.00,0.00,0.00,10.00,0.00,0.00,10.00,0.00,5.00,0.00,0.00,
6.67,0.00,0.00,0.00,6.67,6.67,0.00,6.67,20.00,26.67,0.00,6.67,0.00,0.00,0.00,6.67,6.67,6.67,0.00,0.00,
17.65,11.76,0.00,0.00,17.65,0.00,0.00,5.88,17.65,0.00,0.00,5.88,5.88,0.00,5.88,0.00,0.00,11.76,0.00,0.00,
0.00,0.00,0.00,7.14,0.00,7.14,0.00,21.43,7.14,28.57,0.00,0.00,7.14,0.00,0.00,14.29,7.14,0.00,0.00,0.00,
6.52,17.39,6.52,2.17,4.35,4.35,8.70,2.17,8.70,4.35,0.00,8.70,0.00,2.17,2.17,4.35,10.87,2.17,2.17,2.17,
12.90,6.45,6.45,3.23,3.23,16.13,0.00,3.23,19.35,19.35,0.00,0.00,3.23,0.00,0.00,0.00,3.23,3.23,0.00,0.00,
13.33,0.00,0.00,6.67,13.33,6.67,0.00,0.00,6.67,0.00,0.00,0.00,26.67,0.00,13.33,0.00,6.67,6.67,0.00,0.00,
4.55,0.00,4.55,9.09,0.00,13.64,0.00,9.09,18.18,9.09,0.00,0.00,0.00,4.55,0.00,9.09,0.00,13.64,4.55,0.00,
12.50,0.00,0.00,0.00,0.00,0.00,0.00,0.00,12.50,0.00,0.00,12.50,12.50,0.00,25.00,0.00,0.00,12.50,12.50,0.00,
5.26,0.00,5.26,0.00,15.79,15.79,0.00,5.26,0.00,0.00,0.00,5.26,10.53,5.26,10.53,5.26,10.53,5.26,0.00,0.00,
7.14,0.00,0.00,0.00,7.14,7.14,7.14,7.14,21.43,28.57,0.00,7.14,0.00,0.00,0.00,0.00,0.00,7.14,0.00,0.00,
3.85,7.69,7.69,0.00,3.85,0.00,0.00,3.85,34.62,7.69,3.85,0.00,0.00,0.00,0.00,3.85,3.85,11.54,7.69,0.00,
2.94,17.65,2.94,2.94,0.00,11.76,2.94,0.00,5.88,14.71,5.88,2.94,0.00,0.00,14.71,2.94,2.94,2.94,0.00,5.88,
0.00,0.00,0.00,0.00,0.00,0.00,0.00,0.00,28.57,42.86,0.00,0.00,0.00,0.00,0.00,0.00,0.00,0.00,28.57,0.00,
9.68,9.68,0.00,0.00,0.00,9.68,0.00,6.45,22.58,6.45,0.00,3.23,0.00,0.00,0.00,6.45,16.13,6.45,0.00,0.00,
16.00,0.00,4.00,4.00,0.00,16.00,0.00,4.00,8.00,16.00,0.00,0.00,4.00,4.00,4.00,8.00,0.00,12.00,0.00,0.00,
20.51,0.00,2.56,2.56,0.00,7.69,2.56,10.26,10.26,2.56,0.00,2.56,0.00,10.26,7.69,0.00,10.26,7.69,2.56,0.00,
4.44,22.22,0.00,2.22,0.00,13.33,0.00,0.00,0.00,2.22,0.00,8.89,0.00,15.56,13.33,6.67,4.44,0.00,0.00,6.67,
10.71,7.14,10.71,0.00,7.14,3.57,0.00,7.14,17.86,14.29,0.00,7.14,0.00,3.57,0.00,0.00,7.14,3.57,0.00,0.00,
6.82,13.64,2.27,4.55,2.27,13.64,2.27,2.27,6.82,2.27,0.00,11.36,0.00,0.00,6.82,6.82,2.27,6.82,4.55,4.55,
8.70,0.00,0.00,0.00,4.35,4.35,0.00,13.04,4.35,4.35,0.00,4.35,4.35,0.00,17.39,0.00,4.35,17.39,4.35,8.70,
11.63,13.95,2.33,0.00,4.65,9.30,6.98,2.33,6.98,6.98,0.00,4.65,2.33,0.00,11.63,4.65,6.98,2.33,2.33,0.00,
5.00,20.00,0.00,0.00,0.00,10.00,5.00,0.00,10.00,0.00,0.00,0.00,5.00,5.00,20.00,0.00,0.00,0.00,10.00,10.00,
0.00,0.00,7.69,30.77,0.00,0.00,0.00,0.00,15.38,0.00,0.00,7.69,15.38,0.00,0.00,0.00,0.00,15.38,7.69,0.00,
3.23,6.45,6.45,0.00,3.23,16.13,0.00,12.90,16.13,6.45,3.23,6.45,6.45,0.00,0.00,3.23,3.23,3.23,3.23,0.00,
0.00,0.00,0.00,7.14,14.29,0.00,0.00,0.00,7.14,7.14,0.00,0.00,21.43,0.00,7.14,7.14,21.43,0.00,7.14,0.00,
0.00,6.67,0.00,6.67,0.00,13.33,0.00,0.00,13.33,6.67,6.67,0.00,0.00,6.67,20.00,0.00,0.00,0.00,13.33,6.67,
2.22,13.33,0.00,4.44,0.00,11.11,0.00,6.67,13.33,6.67,0.00,2.22,2.22,4.44,15.56,2.22,6.67,4.44,0.00,4.44,
7.69,0.00,7.69,0.00,0.00,15.38,0.00,15.38,15.38,7.69,0.00,0.00,0.00,0.00,0.00,7.69,0.00,23.08,0.00,0.00,
13.51,5.41,2.70,2.70,2.70,2.70,5.41,0.00,5.41,10.81,2.70,0.00,5.41,0.00,0.00,16.22,5.41,13.51,0.00,5.41,
6.06,6.06,6.06,0.00,0.00,12.12,3.03,3.03,18.18,15.15,3.03,3.03,0.00,0.00,0.00,12.12,0.00,12.12,0.00,0.00,
0.00,0.00,0.00,0.00,0.00,0.00,0.00,0.00,45.45,36.36,0.00,0.00,0.00,0.00,0.00,0.00,0.00,0.00,18.18,0.00,
6.67,6.67,0.00,0.00,0.00,13.33,0.00,0.00,13.33,6.67,6.67,0.00,0.00,6.67,20.00,0.00,0.00,0.00,13.33,6.67,
0.00,0.00,3.70,29.63,3.70,0.00,0.00,0.00,0.00,11.11,0.00,3.70,0.00,11.11,33.33,0.00,0.00,0.00,3.70,0.00,
0.00,0.00,0.00,0.00,0.00,7.69,0.00,15.38,0.00,38.46,0.00,15.38,7.69,0.00,0.00,7.69,0.00,7.69,0.00,0.00,
0.00,12.50,0.00,0.00,18.75,6.25,0.00,6.25,12.50,6.25,0.00,0.00,18.75,0.00,12.50,6.25,0.00,0.00,0.00,0.00,
3.12,18.75,0.00,0.00,3.12,9.38,0.00,6.25,3.12,0.00,0.00,3.12,0.00,15.62,6.25,12.50,0.00,0.00,6.25,12.50,
10.53,21.05,0.00,5.26,0.00,10.53,0.00,10.53,0.00,5.26,0.00,0.00,0.00,0.00,0.00,5.26,15.79,10.53,5.26,0.00,
0.00,0.00,5.56,0.00,0.00,22.22,0.00,5.56,16.67,27.78,0.00,0.00,5.56,0.00,0.00,0.00,0.00,16.67,0.00,0.00,
0.00,0.00,5.00,5.00,5.00,0.00,0.00,10.00,10.00,10.00,0.00,5.00,5.00,5.00,20.00,5.00,5.00,10.00,0.00,0.00,
0.00,0.00,0.00,0.00,0.00,7.69,0.00,15.38,0.00,46.15,0.00,15.38,7.69,0.00,0.00,7.69,0.00,0.00,0.00,0.00,
0.00,14.29,0.00,0.00,7.14,0.00,0.00,14.29,0.00,0.00,0.00,0.00,0.00,0.00,7.14,28.57,28.57,0.00,0.00,0.00,
11.11,0.00,0.00,0.00,11.11,0.00,5.56,11.11,22.22,11.11,5.56,5.56,5.56,0.00,5.56,0.00,5.56,0.00,0.00,0.00,
4.76,0.00,4.76,4.76,4.76,9.52,0.00,14.29,14.29,9.52,0.00,9.52,0.00,4.76,4.76,4.76,4.76,0.00,4.76,0.00,
11.11,0.00,0.00,0.00,0.00,11.11,0.00,5.56,16.67,33.33,0.00,5.56,5.56,0.00,0.00,5.56,0.00,5.56,0.00,0.00,
8.33,8.33,0.00,0.00,8.33,8.33,0.00,12.50,16.67,4.17,0.00,0.00,4.17,4.17,0.00,4.17,4.17,12.50,0.00,4.17,
22.22,0.00,2.78,5.56,2.78,5.56,0.00,2.78,8.33,5.56,0.00,2.78,5.56,5.56,5.56,2.78,5.56,13.89,2.78,0.00,
15.00,10.00,0.00,0.00,10.00,10.00,0.00,5.00,15.00,15.00,5.00,0.00,5.00,0.00,0.00,0.00,5.00,5.00,0.00,0.00,
0.00,0.00,0.00,0.00,0.00,15.38,0.00,7.69,0.00,53.85,0.00,15.38,7.69,0.00,0.00,0.00,0.00,0.00,0.00,0.00,
8.70,17.39,0.00,4.35,0.00,17.39,0.00,0.00,0.00,4.35,0.00,8.70,4.35,13.04,4.35,4.35,4.35,0.00,0.00,8.70,
0.00,0.00,0.00,14.29,0.00,14.29,0.00,14.29,0.00,0.00,0.00,0.00,14.29,14.29,14.29,14.29,0.00,0.00,0.00,0.00,
10.34,6.90,3.45,0.00,6.90,10.34,0.00,3.45,17.24,13.79,0.00,6.90,0.00,6.90,0.00,10.34,0.00,3.45,0.00,0.00,
0.00,0.00,0.00,0.00,14.29,0.00,0.00,0.00,0.00,14.29,0.00,0.00,28.57,14.29,14.29,0.00,0.00,0.00,14.29,0.00,
7.69,0.00,0.00,7.69,7.69,3.85,3.85,3.85,30.77,11.54,7.69,0.00,0.00,3.85,0.00,3.85,3.85,0.00,3.85,0.00,
43.33,0.00,0.00,3.33,0.00,3.33,0.00,0.00,23.33,0.00,0.00,0.00,20.00,0.00,0.00,3.33,0.00,3.33,0.00,0.00,
7.32,19.51,0.00,0.00,0.00,17.07,0.00,0.00,0.00,4.88,0.00,2.44,0.00,14.63,9.76,14.63,2.44,0.00,2.44,4.88,
12.50,12.50,0.00,0.00,0.00,0.00,0.00,18.75,18.75,6.25,6.25,0.00,6.25,0.00,0.00,0.00,6.25,12.50,0.00,0.00,
0.00,0.00,0.00,50.00,0.00,0.00,0.00,0.00,0.00,50.00,0.00,0.00,0.00,0.00,0.00,0.00,0.00,0.00,0.00,0.00,
8.70,0.00,0.00,4.35,0.00,13.04,4.35,0.00,21.74,0.00,0.00,4.35,4.35,8.70,8.70,8.70,4.35,8.70,0.00,0.00,
9.52,0.00,2.38,0.00,4.76,11.90,4.76,11.90,21.43,2.38,0.00,2.38,4.76,2.38,4.76,2.38,4.76,9.52,0.00,0.00,
12.00,0.00,0.00,0.00,8.00,16.00,16.00,16.00,8.00,8.00,0.00,0.00,0.00,0.00,12.00,0.00,0.00,0.00,4.00,0.00,
13.79,6.90,3.45,0.00,0.00,6.90,0.00,6.90,13.79,20.69,0.00,10.34,0.00,6.90,0.00,10.34,0.00,0.00,0.00,0.00,
5.00,0.00,0.00,0.00,15.00,0.00,5.00,5.00,35.00,5.00,0.00,0.00,0.00,0.00,0.00,20.00,5.00,0.00,5.00,0.00,
2.00,16.00,6.00,4.00,6.00,6.00,2.00,4.00,6.00,2.00,6.00,8.00,2.00,10.00,2.00,6.00,4.00,6.00,2.00,0.00,
3.33,0.00,0.00,3.33,16.67,3.33,0.00,6.67,30.00,3.33,0.00,0.00,6.67,0.00,10.00,6.67,0.00,10.00,0.00,0.00,
4.35,17.39,8.70,0.00,2.17,4.35,0.00,8.70,6.52,8.70,0.00,4.35,10.87,6.52,2.17,6.52,2.17,2.17,2.17,2.17,
27.27,0.00,3.03,0.00,0.00,12.12,3.03,3.03,12.12,15.15,3.03,0.00,0.00,3.03,0.00,3.03,9.09,3.03,3.03,0.00,
9.09,0.00,0.00,0.00,0.00,9.09,0.00,27.27,9.09,9.09,0.00,0.00,0.00,0.00,0.00,27.27,0.00,0.00,9.09,0.00,
15.38,15.38,2.56,0.00,0.00,5.13,5.13,2.56,5.13,5.13,0.00,7.69,0.00,0.00,10.26,5.13,5.13,5.13,5.13,5.13,
16.22,5.41,0.00,5.41,5.41,18.92,0.00,8.11,18.92,13.51,0.00,0.00,0.00,2.70,0.00,2.70,0.00,2.70,0.00,0.00,
0.00,12.77,0.00,4.26,2.13,4.26,0.00,2.13,14.89,2.13,2.13,6.38,6.38,4.26,10.64,2.13,2.13,6.38,6.38,10.64,
2.38,14.29,2.38,0.00,11.90,11.90,0.00,2.38,0.00,2.38,0.00,2.38,2.38,0.00,19.05,11.90,2.38,4.76,0.00,9.52,
7.69,0.00,0.00,0.00,7.69,15.38,0.00,0.00,15.38,7.69,0.00,0.00,0.00,7.69,0.00,7.69,15.38,7.69,0.00,7.69,
20.00,0.00,0.00,13.33,0.00,6.67,0.00,6.67,6.67,13.33,0.00,0.00,6.67,13.33,0.00,6.67,6.67,0.00,0.00,0.00,
0.00,17.65,2.94,2.94,5.88,8.82,0.00,5.88,5.88,5.88,0.00,0.00,5.88,2.94,23.53,2.94,0.00,5.88,0.00,2.94,
8.70,4.35,0.00,4.35,13.04,4.35,0.00,4.35,13.04,0.00,0.00,4.35,4.35,4.35,8.70,13.04,0.00,0.00,0.00,13.04,
2.70,10.81,2.70,0.00,5.41,5.41,0.00,2.70,2.70,0.00,0.00,2.70,32.43,0.00,18.92,5.41,0.00,0.00,5.41,2.70,
0.00,0.00,0.00,0.00,7.69,15.38,0.00,7.69,0.00,46.15,0.00,7.69,7.69,0.00,0.00,7.69,0.00,0.00,0.00,0.00,
0.00,0.00,0.00,0.00,0.00,0.00,0.00,0.00,8.33,25.00,0.00,8.33,16.67,0.00,0.00,25.00,0.00,8.33,0.00,8.33,
3.03,18.18,0.00,3.03,6.06,9.09,3.03,6.06,0.00,3.03,0.00,3.03,0.00,0.00,27.27,3.03,6.06,3.03,0.00,6.06,
7.69,19.23,0.00,0.00,3.85,15.38,7.69,0.00,0.00,0.00,3.85,3.85,0.00,3.85,11.54,3.85,3.85,3.85,0.00,11.54,
0.00,0.00,4.17,12.50,4.17,16.67,0.00,12.50,12.50,12.50,0.00,0.00,0.00,8.33,0.00,0.00,4.17,12.50,0.00,0.00,
11.76,0.00,5.88,0.00,5.88,5.88,0.00,5.88,11.76,5.88,0.00,5.88,0.00,0.00,5.88,0.00,5.88,29.41,0.00,0.00,
24.00,0.00,0.00,4.00,4.00,20.00,4.00,8.00,12.00,16.00,0.00,0.00,0.00,0.00,0.00,8.00,0.00,0.00,0.00,0.00,
13.33,6.67,0.00,0.00,6.67,6.67,0.00,0.00,20.00,6.67,0.00,0.00,0.00,6.67,20.00,0.00,0.00,0.00,13.33,0.00,
16.67,0.00,4.17,0.00,4.17,4.17,0.00,12.50,20.83,4.17,0.00,8.33,0.00,4.17,0.00,8.33,4.17,4.17,4.17,0.00,
4.17,16.67,2.08,4.17,4.17,4.17,0.00,6.25,16.67,6.25,0.00,2.08,8.33,0.00,6.25,8.33,8.33,0.00,0.00,2.08,
20.83,8.33,0.00,4.17,8.33,4.17,0.00,16.67,16.67,4.17,0.00,0.00,4.17,0.00,0.00,4.17,0.00,8.33,0.00,0.00,
0.00,0.00,0.00,0.00,0.00,0.00,0.00,0.00,0.00,0.00,0.00,0.00,0.00,0.00,50.00,0.00,0.00,0.00,50.00,0.00,
5.56,16.67,2.78,0.00,0.00,11.11,5.56,5.56,8.33,2.78,0.00,2.78,2.78,5.56,5.56,5.56,5.56,2.78,0.00,11.11,
2.78,16.67,2.78,0.00,2.78,11.11,2.78,5.56,11.11,5.56,0.00,2.78,11.11,2.78,5.56,0.00,8.33,5.56,0.00,2.78,
15.38,0.00,0.00,0.00,15.38,15.38,0.00,23.08,7.69,15.38,0.00,7.69,0.00,0.00,0.00,0.00,0.00,0.00,0.00,0.00,
13.51,5.41,0.00,5.41,2.70,13.51,0.00,10.81,16.22,10.81,2.70,2.70,0.00,2.70,0.00,0.00,10.81,2.70,0.00,0.00,
0.00,0.00,0.00,0.00,0.00,10.00,0.00,0.00,30.00,0.00,0.00,0.00,0.00,0.00,30.00,10.00,0.00,0.00,20.00,0.00,
6.67,20.00,0.00,3.33,0.00,6.67,0.00,6.67,0.00,6.67,0.00,10.00,6.67,0.00,0.00,10.00,6.67,10.00,3.33,3.33,
12.12,6.06,3.03,3.03,6.06,3.03,3.03,3.03,12.12,18.18,0.00,6.06,0.00,3.03,0.00,12.12,9.09,0.00,0.00,0.00,
21.05,0.00,0.00,0.00,10.53,0.00,10.53,15.79,5.26,10.53,0.00,5.26,5.26,0.00,0.00,10.53,0.00,5.26,0.00,0.00,
0.00,0.00,0.00,0.00,5.88,11.76,0.00,17.65,5.88,29.41,0.00,0.00,11.76,0.00,0.00,5.88,0.00,11.76,0.00,0.00,
2.94,0.00,5.88,5.88,5.88,11.76,0.00,14.71,8.82,8.82,0.00,0.00,0.00,5.88,26.47,2.94,0.00,0.00,0.00,0.00,
7.69,0.00,0.00,0.00,23.08,7.69,0.00,0.00,7.69,38.46,0.00,0.00,7.69,0.00,0.00,7.69,0.00,0.00,0.00,0.00,
0.00,8.57,5.71,0.00,0.00,20.00,0.00,8.57,0.00,5.71,0.00,11.43,8.57,5.71,5.71,5.71,0.00,2.86,0.00,11.43,
20.00,10.00,0.00,0.00,5.00,5.00,0.00,20.00,15.00,5.00,5.00,0.00,5.00,0.00,0.00,0.00,5.00,5.00,0.00,0.00,
4.35,13.04,2.17,6.52,2.17,15.22,4.35,0.00,6.52,4.35,0.00,2.17,13.04,2.17,6.52,6.52,6.52,4.35,0.00,0.00,
15.15,6.06,3.03,0.00,9.09,12.12,0.00,0.00,15.15,18.18,3.03,6.06,0.00,0.00,0.00,3.03,6.06,3.03,0.00,0.00,
13.79,6.90,6.90,0.00,3.45,10.34,0.00,3.45,17.24,10.34,3.45,6.90,0.00,0.00,0.00,0.00,10.34,6.90,0.00,0.00,
0.00,0.00,0.00,0.00,0.00,0.00,0.00,0.00,45.45,45.45,0.00,0.00,0.00,0.00,0.00,0.00,0.00,0.00,9.09,0.00,
0.00,0.00,0.00,0.00,0.00,0.00,0.00,0.00,50.00,0.00,0.00,0.00,0.00,0.00,0.00,0.00,0.00,0.00,50.00,0.00,
5.41,5.41,0.00,8.11,2.70,16.22,0.00,8.11,13.51,16.22,2.70,0.00,0.00,5.41,0.00,0.00,13.51,2.70,0.00,0.00,
17.65,0.00,0.00,2.94,5.88,8.82,0.00,2.94,17.65,11.76,0.00,2.94,5.88,0.00,11.76,0.00,0.00,5.88,2.94,2.94,
