A,C,D,E,F,G,H,I,K,L,M,N,P,Q,R,S,T,V,W,Y,
20.00,0.00,0.00,0.00,0.00,40.00,0.00,0.00,0.00,0.00,0.00,20.00,0.00,0.00,0.00,0.00,0.00,0.00,0.00,20.00,
0.00,0.00,0.00,18.18,0.00,0.00,9.09,0.00,18.18,18.18,0.00,0.00,0.00,0.00,0.00,0.00,0.00,18.18,0.00,18.18,
5.56,0.00,8.33,13.89,0.00,19.44,0.00,2.78,5.56,5.56,0.00,0.00,8.33,2.78,16.67,2.78,2.78,2.78,2.78,0.00,
0.00,0.00,22.22,0.00,11.11,0.00,0.00,0.00,0.00,11.11,11.11,0.00,0.00,22.22,0.00,0.00,0.00,11.11,0.00,11.11,
17.02,0.00,0.00,0.00,4.26,12.77,2.13,8.51,0.00,14.89,4.26,0.00,6.38,2.13,2.13,8.51,4.26,10.64,0.00,2.13,
14.81,0.00,0.00,18.52,0.00,7.41,0.00,7.41,3.70,18.52,0.00,3.70,7.41,0.00,7.41,3.70,7.41,0.00,0.00,0.00,
21.62,0.00,5.41,8.11,2.70,2.70,2.70,2.70,0.00,13.51,2.70,2.70,2.70,0.00,5.41,10.81,2.70,10.81,0.00,2.70,
8.82,0.00,5.88,14.71,5.88,11.76,0.00,5.88,2.94,8.82,2.94,0.00,5.88,2.94,2.94,2.94,5.88,5.88,2.94,2.94,
0.00,5.56,11.11,5.56,0.00,16.67,0.00,5.56,5.56,11.11,0.00,5.56,0.00,5.56,5.56,11.11,5.56,5.56,0.00,0.00,
12.50,0.00,0.00,12.50,12.50,0.00,0.00,0.00,12.50,12.50,0.00,0.00,0.00,0.00,12.50,0.00,12.50,0.00,12.50,0.00,
8.57,5.71,8.57,11.43,5.71,5.71,2.86,0.00,2.86,8.57,0.00,2.86,5.71,0.00,5.71,5.71,5.71,11.43,0.00,2.86,
5.00,0.00,7.50,2.50,2.50,5.00,0.00,5.00,2.50,10.00,0.00,7.50,7.50,2.50,7.50,10.00,7.50,7.50,2.50,7.50,
0.00,0.00,4.35,8.70,0.00,4.35,4.35,8.70,4.35,0.00,0.00,4.35,4.35,0.00,13.04,30.43,4.35,4.35,0.00,4.35,
7.69,0.00,3.85,3.85,0.00,7.69,0.00,11.54,3.85,11.54,0.00,0.00,15.38,7.69,11.54,11.54,0.00,3.85,0.00,0.00,
3.70,0.00,3.70,18.52,0.00,11.11,0.00,0.00,3.70,7.41,3.70,3.70,7.41,7.41,11.11,3.70,0.00,11.11,0.00,3.70,
13.04,0.00,10.87,2.17,10.87,0.00,2.17,6.52,2.17,8.70,2.17,2.17,4.35,4.35,6.52,6.52,8.70,6.52,0.00,2.17,
20.00,20.00,0.00,0.00,10.00,0.00,0.00,0.00,0.00,0.00,0.00,10.00,0.00,0.00,10.00,10.00,20.00,0.00,0.00,0.00,
4.76,0.00,9.52,9.52,4.76,4.76,0.00,4.76,0.00,28.57,0.00,4.76,4.76,4.76,0.00,4.76,4.76,4.76,0.00,4.76,
8.89,0.00,4.44,8.89,0.00,11.11,0.00,8.89,8.89,11.11,0.00,4.44,2.22,11.11,0.00,4.44,4.44,4.44,0.00,6.67,
7.14,0.00,4.76,2.38,4.76,0.00,2.38,7.14,11.90,7.14,2.38,16.67,2.38,2.38,2.38,7.14,4.76,7.14,4.76,2.38,
8.33,2.08,2.08,10.42,10.42,2.08,2.08,4.17,6.25,4.17,2.08,8.33,2.08,2.08,8.33,2.08,10.42,8.33,0.00,4.17,
9.52,0.00,4.76,9.52,9.52,4.76,0.00,4.76,4.76,14.29,0.00,0.00,0.00,0.00,4.76,14.29,0.00,14.29,4.76,0.00,
6.90,3.45,6.90,0.00,0.00,6.90,3.45,10.34,3.45,6.90,0.00,6.90,3.45,0.00,0.00,10.34,0.00,13.79,3.45,13.79,
0.00,0.00,13.04,0.00,0.00,8.70,0.00,13.04,4.35,13.04,0.00,0.00,0.00,0.00,13.04,8.70,8.70,17.39,0.00,0.00,
6.67,0.00,6.67,6.67,0.00,0.00,0.00,20.00,6.67,13.33,0.00,13.33,0.00,0.00,13.33,0.00,0.00,13.33,0.00,0.00,
38.71,0.00,3.23,3.23,0.00,3.23,0.00,0.00,0.00,3.23,0.00,3.23,16.13,3.23,0.00,9.68,12.90,3.23,0.00,0.00,
6.00,2.00,4.00,4.00,6.00,10.00,4.00,8.00,6.00,4.00,2.00,0.00,0.00,6.00,8.00,8.00,8.00,2.00,6.00,6.00,
0.00,0.00,0.00,14.29,0.00,0.00,0.00,14.29,0.00,0.00,0.00,0.00,14.29,0.00,28.57,0.00,28.57,0.00,0.00,0.00,
0.00,0.00,13.33,6.67,13.33,0.00,6.67,6.67,13.33,0.00,0.00,6.67,0.00,0.00,6.67,6.67,6.67,6.67,6.67,0.00,
17.95,0.00,7.69,7.69,2.56,0.00,5.13,0.00,2.56,12.82,2.56,2.56,7.69,7.69,0.00,5.13,5.13,7.69,5.13,0.00,
16.67,0.00,10.00,6.67,3.33,0.00,0.00,3.33,10.00,10.00,3.33,10.00,0.00,3.33,3.33,6.67,6.67,6.67,0.00,0.00,
13.79,0.00,3.45,17.24,6.90,0.00,3.45,3.45,0.00,10.34,0.00,3.45,0.00,0.00,17.24,10.34,3.45,6.90,0.00,0.00,
0.00,0.00,0.00,5.88,5.88,0.00,0.00,23.53,0.00,0.00,0.00,0.00,17.65,0.00,11.76,11.76,11.76,11.76,0.00,0.00,
0.00,3.85,11.54,3.85,7.69,3.85,0.00,3.85,0.00,11.54,3.85,0.00,7.69,3.85,11.54,7.69,7.69,3.85,3.85,3.85,
4.35,0.00,2.17,6.52,6.52,2.17,4.35,6.52,6.52,6.52,2.17,4.35,4.35,4.35,13.04,10.87,4.35,8.70,0.00,2.17,
19.57,0.00,4.35,6.52,4.35,6.52,0.00,6.52,4.35,13.04,0.00,2.17,2.17,4.35,6.52,10.87,0.00,8.70,0.00,0.00,
13.33,0.00,0.00,0.00,0.00,0.00,0.00,6.67,13.33,0.00,0.00,6.67,6.67,0.00,0.00,26.67,0.00,26.67,0.00,0.00,
0.00,4.00,0.00,4.00,8.00,4.00,0.00,8.00,8.00,4.00,0.00,4.00,8.00,8.00,4.00,12.00,4.00,16.00,4.00,0.00,
6.67,0.00,6.67,0.00,6.67,6.67,6.67,13.33,0.00,13.33,0.00,6.67,0.00,0.00,0.00,26.67,0.00,0.00,0.00,6.67,
12.20,0.00,7.32,4.88,2.44,7.32,2.44,0.00,2.44,9.76,7.32,0.00,2.44,2.44,14.63,7.32,12.20,0.00,2.44,2.44,
20.69,0.00,6.90,0.00,6.90,10.34,0.00,0.00,6.90,17.24,0.00,6.90,3.45,0.00,3.45,0.00,6.90,10.34,0.00,0.00,
4.17,2.08,8.33,6.25,6.25,12.50,4.17,16.67,4.17,2.08,2.08,8.33,6.25,2.08,0.00,6.25,2.08,6.25,0.00,0.00,
11.76,0.00,0.00,5.88,11.76,0.00,0.00,0.00,0.00,5.88,5.88,0.00,11.76,17.65,5.88,11.76,5.88,5.88,0.00,0.00,
7.41,3.70,11.11,7.41,3.70,7.41,0.00,3.70,3.70,11.11,3.70,7.41,3.70,7.41,0.00,7.41,3.70,7.41,0.00,0.00,
0.00,16.67,16.67,0.00,0.00,0.00,0.00,16.67,16.67,0.00,0.00,0.00,0.00,0.00,0.00,16.67,16.67,0.00,0.00,0.00,
6.82,6.82,4.55,4.55,0.00,11.36,0.00,9.09,6.82,4.55,2.27,2.27,2.27,2.27,13.64,4.55,4.55,11.36,0.00,2.27,
6.25,6.25,12.50,6.25,0.00,0.00,6.25,0.00,0.00,0.00,0.00,0.00,12.50,0.00,6.25,6.25,6.25,12.50,6.25,12.50,
4.00,8.00,4.00,0.00,12.00,4.00,0.00,4.00,16.00,4.00,0.00,0.00,4.00,4.00,0.00,12.00,12.00,0.00,0.00,12.00,
15.38,0.00,7.69,0.00,3.85,3.85,3.85,0.00,0.00,0.00,7.69,3.85,7.69,11.54,11.54,0.00,7.69,11.54,0.00,3.85,
10.00,0.00,5.00,0.00,0.00,15.00,5.00,0.00,5.00,15.00,0.00,0.00,10.00,5.00,10.00,0.00,10.00,0.00,0.00,10.00,
30.00,10.00,0.00,0.00,0.00,0.00,0.00,10.00,0.00,40.00,0.00,0.00,0.00,0.00,0.00,0.00,0.00,10.00,0.00,0.00,
3.12,0.00,3.12,9.38,3.12,0.00,3.12,6.25,9.38,18.75,9.38,0.00,3.12,0.00,9.38,6.25,3.12,6.25,3.12,3.12,
18.18,0.00,0.00,18.18,0.00,9.09,0.00,0.00,0.00,18.18,9.09,0.00,0.00,0.00,0.00,0.00,0.00,18.18,0.00,9.09,
2.56,0.00,7.69,12.82,7.69,2.56,0.00,5.13,0.00,12.82,7.69,0.00,5.13,5.13,5.13,5.13,10.26,10.26,0.00,0.00,
2.04,2.04,6.12,2.04,4.08,16.33,4.08,8.16,8.16,10.20,2.04,4.08,4.08,4.08,6.12,2.04,6.12,4.08,0.00,4.08,
22.73,0.00,13.64,0.00,0.00,9.09,4.55,13.64,0.00,0.00,0.00,4.55,0.00,0.00,4.55,4.55,4.55,9.09,0.00,9.09,
12.00,0.00,0.00,20.00,0.00,4.00,4.00,12.00,0.00,12.00,4.00,4.00,8.00,4.00,0.00,0.00,8.00,8.00,0.00,0.00,
22.22,0.00,0.00,16.67,0.00,5.56,0.00,5.56,5.56,0.00,0.00,5.56,0.00,16.67,0.00,0.00,0.00,22.22,0.00,0.00,
16.22,0.00,5.41,5.41,2.70,5.41,0.00,5.41,2.70,8.11,0.00,0.00,10.81,2.70,8.11,10.81,8.11,8.11,0.00,0.00,
11.11,0.00,2.78,5.56,0.00,8.33,0.00,5.56,5.56,8.33,5.56,2.78,8.33,5.56,2.78,8.33,8.33,5.56,0.00,5.56,
0.00,3.70,0.00,0.00,22.22,3.70,3.70,7.41,3.70,18.52,0.00,7.41,7.41,0.00,3.70,14.81,0.00,3.70,0.00,0.00,
11.63,2.33,4.65,2.33,6.98,9.30,2.33,4.65,4.65,11.63,2.33,4.65,4.65,4.65,9.30,4.65,4.65,2.33,2.33,0.00,
10.00,0.00,10.00,5.00,5.00,10.00,5.00,5.00,0.00,10.00,0.00,5.00,0.00,5.00,5.00,15.00,0.00,10.00,0.00,0.00,
12.00,2.00,0.00,2.00,4.00,20.00,0.00,2.00,2.00,18.00,4.00,0.00,2.00,4.00,2.00,10.00,4.00,10.00,0.00,2.00,
0.00,0.00,0.00,12.50,0.00,0.00,0.00,12.50,12.50,25.00,0.00,0.00,0.00,0.00,0.00,0.00,25.00,0.00,0.00,12.50,
0.00,0.00,20.00,0.00,20.00,0.00,0.00,0.00,40.00,0.00,0.00,20.00,0.00,0.00,0.00,0.00,0.00,0.00,0.00,0.00,
12.50,0.00,8.33,6.25,0.00,8.33,0.00,10.42,6.25,6.25,4.17,6.25,4.17,4.17,6.25,0.00,4.17,6.25,0.00,6.25,
0.00,0.00,0.00,0.00,0.00,10.00,0.00,0.00,10.00,10.00,0.00,10.00,20.00,10.00,20.00,0.00,0.00,10.00,0.00,0.00,
5.88,0.00,0.00,0.00,11.76,0.00,0.00,23.53,0.00,29.41,0.00,0.00,0.00,0.00,0.00,0.00,5.88,23.53,0.00,0.00,
10.00,0.00,0.00,0.00,0.00,0.00,10.00,0.00,0.00,0.00,0.00,0.00,60.00,0.00,0.00,0.00,0.00,20.00,0.00,0.00,
4.76,0.00,4.76,4.76,0.00,14.29,4.76,4.76,4.76,0.00,4.76,0.00,14.29,9.52,4.76,9.52,14.29,0.00,0.00,0.00,
6.98,0.00,4.65,4.65,4.65,6.98,0.00,9.30,6.98,16.28,0.00,4.65,2.33,6.98,4.65,2.33,2.33,9.30,2.33,4.65,
0.00,0.00,3.33,16.67,3.33,0.00,0.00,13.33,6.67,3.33,3.33,6.67,0.00,10.00,13.33,6.67,0.00,10.00,0.00,3.33,
6.06,0.00,0.00,18.18,3.03,9.09,0.00,12.12,6.06,3.03,0.00,6.06,6.06,6.06,6.06,0.00,6.06,12.12,0.00,0.00,
5.13,7.69,0.00,10.26,0.00,17.95,7.69,2.56,2.56,12.82,0.00,0.00,0.00,7.69,2.56,7.69,5.13,5.13,2.56,2.56,
3.23,0.00,9.68,9.68,3.23,3.23,0.00,3.23,9.68,25.81,0.00,6.45,3.23,0.00,9.68,0.00,0.00,6.45,3.23,3.23,
10.00,0.00,0.00,10.00,0.00,20.00,0.00,10.00,0.00,10.00,10.00,10.00,0.00,0.00,0.00,0.00,0.00,20.00,0.00,0.00,
0.00,0.00,11.11,3.70,0.00,14.81,0.00,3.70,7.41,11.11,0.00,7.41,0.00,0.00,0.00,18.52,0.00,14.81,7.41,0.00,
14.29,0.00,0.00,2.86,0.00,8.57,2.86,5.71,8.57,5.71,0.00,2.86,8.57,2.86,14.29,5.71,0.00,17.14,0.00,0.00,
14.29,0.00,14.29,0.00,0.00,7.14,0.00,21.43,7.14,0.00,0.00,0.00,0.00,7.14,7.14,7.14,14.29,0.00,0.00,0.00,
2.86,0.00,5.71,14.29,5.71,0.00,0.00,8.57,8.57,8.57,0.00,2.86,2.86,11.43,5.71,5.71,2.86,5.71,2.86,5.71,
4.00,0.00,8.00,4.00,4.00,8.00,0.00,12.00,16.00,4.00,0.00,4.00,8.00,16.00,4.00,4.00,0.00,4.00,0.00,0.00,
9.68,3.23,0.00,12.90,0.00,0.00,6.45,3.23,6.45,12.90,0.00,6.45,6.45,3.23,3.23,9.68,3.23,3.23,3.23,6.45,
0.00,0.00,0.00,0.00,0.00,0.00,0.00,20.00,0.00,0.00,0.00,0.00,0.00,20.00,20.00,20.00,0.00,20.00,0.00,0.00,
0.00,0.00,6.25,10.42,8.33,4.17,2.08,8.33,14.58,6.25,0.00,2.08,6.25,0.00,10.42,4.17,4.17,6.25,0.00,6.25,
6.98,0.00,2.33,6.98,2.33,9.30,4.65,4.65,6.98,9.30,0.00,4.65,4.65,6.98,9.30,9.30,4.65,4.65,0.00,2.33,
9.76,0.00,9.76,7.32,0.00,2.44,0.00,4.88,2.44,7.32,2.44,4.88,2.44,7.32,12.20,2.44,9.76,12.20,2.44,0.00,
8.33,6.25,4.17,0.00,4.17,8.33,2.08,10.42,10.42,0.00,4.17,2.08,6.25,2.08,8.33,6.25,6.25,6.25,0.00,4.17,
13.04,0.00,0.00,4.35,8.70,8.70,4.35,4.35,4.35,8.70,4.35,4.35,4.35,4.35,0.00,0.00,8.70,17.39,0.00,0.00,
8.89,0.00,11.11,8.89,2.22,11.11,0.00,8.89,4.44,6.67,4.44,2.22,4.44,2.22,4.44,6.67,4.44,6.67,2.22,0.00,
2.70,0.00,5.41,5.41,2.70,10.81,2.70,2.70,5.41,27.03,0.00,2.70,8.11,2.70,5.41,2.70,2.70,5.41,0.00,5.41,
16.67,0.00,5.56,0.00,0.00,16.67,0.00,5.56,0.00,16.67,5.56,5.56,11.11,0.00,5.56,0.00,0.00,11.11,0.00,0.00,
10.00,0.00,10.00,0.00,0.00,30.00,0.00,20.00,0.00,0.00,0.00,10.00,0.00,0.00,0.00,0.00,0.00,10.00,0.00,10.00,
0.00,0.00,0.00,11.76,5.88,17.65,5.88,11.76,0.00,11.76,0.00,0.00,5.88,0.00,0.00,11.76,11.76,5.88,0.00,0.00,
15.38,0.00,15.38,15.38,0.00,7.69,0.00,0.00,0.00,15.38,0.00,7.69,0.00,0.00,7.69,0.00,0.00,7.69,0.00,7.69,
20.00,0.00,0.00,20.00,0.00,0.00,0.00,0.00,0.00,20.00,0.00,0.00,0.00,0.00,0.00,0.00,20.00,0.00,0.00,20.00,
12.50,0.00,0.00,4.17,0.00,4.17,8.33,8.33,12.50,12.50,0.00,0.00,4.17,4.17,0.00,8.33,4.17,4.17,0.00,12.50,
11.11,0.00,0.00,0.00,5.56,0.00,0.00,0.00,0.00,22.22,0.00,0.00,33.33,0.00,5.56,11.11,0.00,11.11,0.00,0.00,
12.12,0.00,6.06,6.06,9.09,3.03,0.00,3.03,12.12,6.06,3.03,3.03,6.06,3.03,6.06,12.12,6.06,0.00,0.00,3.03,
12.90,0.00,3.23,3.23,3.23,9.68,0.00,9.68,3.23,9.68,3.23,9.68,3.23,0.00,3.23,12.90,6.45,6.45,0.00,0.00,
30.00,0.00,0.00,0.00,0.00,20.00,10.00,10.00,10.00,10.00,0.00,0.00,0.00,0.00,10.00,0.00,0.00,0.00,0.00,0.00,
4.55,4.55,0.00,0.00,9.09,13.64,0.00,4.55,0.00,27.27,0.00,0.00,0.00,4.55,0.00,4.55,4.55,4.55,9.09,9.09,
13.33,0.00,6.67,6.67,3.33,10.00,0.00,6.67,16.67,6.67,3.33,0.00,3.33,0.00,3.33,3.33,13.33,3.33,0.00,0.00,
0.00,0.00,10.00,0.00,10.00,0.00,0.00,0.00,0.00,10.00,0.00,0.00,10.00,0.00,10.00,10.00,10.00,10.00,20.00,0.00,
6.67,0.00,3.33,6.67,0.00,3.33,0.00,6.67,6.67,6.67,3.33,13.33,13.33,0.00,0.00,10.00,13.33,6.67,0.00,0.00,
11.11,0.00,4.44,6.67,2.22,4.44,0.00,4.44,6.67,20.00,0.00,4.44,0.00,2.22,8.89,4.44,6.67,11.11,0.00,2.22,
0.00,0.00,0.00,6.25,6.25,18.75,0.00,25.00,0.00,0.00,0.00,0.00,12.50,18.75,0.00,0.00,0.00,12.50,0.00,0.00,
4.55,0.00,6.82,2.27,13.64,2.27,4.55,6.82,6.82,11.36,2.27,6.82,4.55,2.27,4.55,9.09,6.82,2.27,0.00,2.27,
12.24,4.08,10.20,6.12,4.08,4.08,2.04,8.16,4.08,4.08,2.04,2.04,4.08,2.04,6.12,6.12,10.20,8.16,0.00,0.00,
0.00,0.00,3.23,3.23,3.23,6.45,3.23,6.45,9.68,12.90,3.23,3.23,12.90,3.23,6.45,6.45,0.00,6.45,0.00,9.68,
10.26,0.00,0.00,2.56,0.00,7.69,2.56,0.00,0.00,2.56,0.00,12.82,2.56,2.56,2.56,25.64,15.38,7.69,0.00,5.13,
11.11,2.22,11.11,4.44,2.22,13.33,0.00,2.22,2.22,4.44,2.22,0.00,4.44,4.44,17.78,2.22,4.44,4.44,4.44,2.22,
2.63,2.63,0.00,5.26,10.53,5.26,0.00,5.26,0.00,13.16,2.63,10.53,0.00,5.26,0.00,18.42,2.63,10.53,0.00,5.26,
6.25,6.25,0.00,8.33,2.08,4.17,2.08,0.00,6.25,12.50,8.33,8.33,4.17,4.17,8.33,4.17,6.25,6.25,0.00,2.08,
7.89,0.00,7.89,5.26,0.00,7.89,5.26,10.53,10.53,2.63,2.63,2.63,5.26,0.00,7.89,7.89,7.89,2.63,2.63,2.63,
0.00,0.00,0.00,17.65,0.00,0.00,0.00,5.88,17.65,17.65,5.88,0.00,0.00,0.00,0.00,17.65,11.76,0.00,0.00,5.88,
9.52,0.00,7.14,2.38,0.00,0.00,2.38,11.90,4.76,11.90,0.00,4.76,0.00,7.14,9.52,11.90,11.90,2.38,2.38,0.00,
6.82,0.00,6.82,6.82,4.55,13.64,2.27,6.82,0.00,9.09,6.82,4.55,2.27,2.27,4.55,6.82,4.55,11.36,0.00,0.00,
14.29,0.00,28.57,0.00,0.00,0.00,0.00,0.00,14.29,14.29,0.00,0.00,0.00,14.29,14.29,0.00,0.00,0.00,0.00,0.00,
0.00,0.00,9.09,9.09,0.00,4.55,4.55,0.00,9.09,27.27,0.00,4.55,0.00,4.55,4.55,13.64,9.09,0.00,0.00,0.00,
7.69,15.38,7.69,15.38,7.69,7.69,0.00,7.69,0.00,7.69,0.00,0.00,7.69,7.69,0.00,7.69,0.00,0.00,0.00,0.00,
0.00,0.00,4.55,13.64,13.64,4.55,4.55,4.55,4.55,13.64,4.55,0.00,4.55,0.00,9.09,0.00,0.00,4.55,0.00,13.64,
12.50,0.00,4.17,8.33,4.17,4.17,0.00,0.00,8.33,16.67,0.00,0.00,0.00,8.33,0.00,16.67,12.50,0.00,0.00,4.17,
8.89,2.22,0.00,2.22,8.89,2.22,0.00,0.00,4.44,13.33,2.22,0.00,17.78,0.00,8.89,15.56,4.44,8.89,0.00,0.00,
3.45,0.00,10.34,0.00,3.45,10.34,0.00,0.00,0.00,6.90,3.45,0.00,3.45,13.79,13.79,3.45,17.24,10.34,0.00,0.00,
0.00,2.78,13.89,2.78,2.78,5.56,0.00,13.89,8.33,8.33,0.00,5.56,0.00,5.56,2.78,2.78,8.33,2.78,2.78,11.11,
33.33,16.67,0.00,0.00,0.00,0.00,0.00,0.00,0.00,16.67,0.00,16.67,0.00,0.00,16.67,0.00,0.00,0.00,0.00,0.00,
10.00,5.00,0.00,0.00,5.00,5.00,0.00,0.00,0.00,30.00,0.00,0.00,5.00,0.00,0.00,5.00,20.00,5.00,5.00,5.00,
9.09,4.55,4.55,0.00,9.09,9.09,4.55,9.09,0.00,9.09,0.00,4.55,4.55,9.09,9.09,0.00,4.55,4.55,0.00,4.55,
2.70,2.70,2.70,2.70,8.11,13.51,2.70,5.41,5.41,10.81,5.41,0.00,0.00,5.41,2.70,0.00,10.81,13.51,2.70,2.70,
20.00,0.00,20.00,0.00,0.00,6.67,0.00,6.67,0.00,6.67,0.00,6.67,0.00,0.00,0.00,13.33,6.67,0.00,0.00,13.33,
5.56,0.00,0.00,8.33,0.00,8.33,0.00,8.33,5.56,13.89,5.56,2.78,2.78,2.78,13.89,5.56,0.00,8.33,0.00,8.33,
8.82,0.00,8.82,11.76,8.82,2.94,0.00,8.82,17.65,5.88,2.94,2.94,8.82,0.00,2.94,0.00,2.94,2.94,2.94,0.00,
7.14,0.00,4.76,7.14,0.00,0.00,2.38,19.05,0.00,14.29,7.14,7.14,7.14,2.38,2.38,2.38,9.52,2.38,2.38,2.38,
25.00,0.00,0.00,0.00,0.00,0.00,0.00,12.50,12.50,25.00,0.00,0.00,25.00,0.00,0.00,0.00,0.00,0.00,0.00,0.00,
30.00,0.00,10.00,20.00,0.00,0.00,0.00,0.00,0.00,20.00,0.00,0.00,0.00,0.00,10.00,0.00,0.00,0.00,0.00,10.00,
0.00,6.67,6.67,6.67,6.67,6.67,0.00,6.67,0.00,0.00,6.67,0.00,13.33,0.00,0.00,13.33,13.33,13.33,0.00,0.00,
31.25,0.00,6.25,0.00,6.25,12.50,0.00,0.00,0.00,18.75,0.00,0.00,0.00,0.00,18.75,0.00,0.00,0.00,0.00,6.25,
8.70,0.00,4.35,26.09,0.00,8.70,0.00,0.00,17.39,8.70,0.00,4.35,4.35,4.35,8.70,0.00,0.00,4.35,0.00,0.00,
12.77,2.13,4.26,0.00,2.13,10.64,6.38,10.64,0.00,6.38,4.26,0.00,8.51,4.26,8.51,10.64,6.38,2.13,0.00,0.00,
20.93,0.00,2.33,2.33,6.98,16.28,0.00,2.33,0.00,9.30,0.00,2.33,2.33,6.98,6.98,0.00,0.00,9.30,6.98,4.65,
5.26,0.00,0.00,2.63,2.63,7.89,5.26,10.53,7.89,10.53,7.89,5.26,5.26,2.63,0.00,10.53,7.89,5.26,0.00,2.63,
0.00,0.00,0.00,0.00,0.00,14.29,0.00,0.00,0.00,14.29,0.00,0.00,0.00,0.00,14.29,42.86,14.29,0.00,0.00,0.00,
8.16,2.04,4.08,6.12,10.20,10.20,0.00,8.16,10.20,8.16,0.00,6.12,2.04,0.00,2.04,6.12,4.08,8.16,0.00,4.08,
4.35,0.00,13.04,0.00,4.35,4.35,0.00,4.35,4.35,13.04,0.00,0.00,13.04,4.35,4.35,8.70,8.70,4.35,0.00,8.70,
17.65,0.00,5.88,5.88,5.88,0.00,0.00,5.88,11.76,0.00,5.88,5.88,5.88,11.76,0.00,5.88,5.88,5.88,0.00,0.00,
14.58,0.00,0.00,6.25,4.17,10.42,2.08,2.08,14.58,6.25,4.17,4.17,6.25,8.33,0.00,2.08,2.08,8.33,0.00,4.17,
9.09,0.00,0.00,4.55,9.09,4.55,4.55,0.00,4.55,4.55,9.09,4.55,4.55,0.00,9.09,4.55,9.09,13.64,0.00,4.55,
5.88,0.00,0.00,11.76,11.76,5.88,0.00,0.00,0.00,0.00,0.00,5.88,11.76,5.88,11.76,5.88,11.76,11.76,0.00,0.00,
0.00,0.00,0.00,0.00,16.67,0.00,8.33,8.33,0.00,8.33,0.00,0.00,8.33,8.33,8.33,8.33,0.00,16.67,8.33,0.00,
0.00,0.00,6.25,6.25,12.50,0.00,6.25,12.50,0.00,0.00,0.00,6.25,0.00,0.00,6.25,6.25,18.75,0.00,0.00,18.75,
26.32,5.26,0.00,0.00,0.00,5.26,0.00,5.26,0.00,5.26,5.26,0.00,10.53,0.00,5.26,10.53,0.00,10.53,5.26,5.26,
9.76,0.00,0.00,0.00,0.00,0.00,2.44,2.44,12.20,0.00,0.00,14.63,4.88,2.44,9.76,14.63,19.51,4.88,0.00,2.44,
2.78,0.00,0.00,0.00,2.78,13.89,0.00,13.89,2.78,8.33,13.89,5.56,0.00,0.00,2.78,8.33,8.33,11.11,5.56,0.00,
6.82,4.55,2.27,4.55,4.55,4.55,4.55,9.09,4.55,9.09,0.00,6.82,0.00,2.27,13.64,4.55,6.82,4.55,2.27,4.55,
12.00,0.00,8.00,12.00,2.00,10.00,0.00,4.00,2.00,4.00,0.00,6.00,4.00,2.00,2.00,18.00,8.00,4.00,0.00,2.00,
14.63,0.00,2.44,2.44,2.44,7.32,7.32,7.32,2.44,9.76,0.00,4.88,4.88,2.44,2.44,12.20,4.88,7.32,2.44,2.44,
0.00,0.00,9.09,9.09,18.18,18.18,0.00,0.00,0.00,18.18,0.00,9.09,0.00,0.00,0.00,9.09,0.00,9.09,0.00,0.00,
0.00,0.00,2.70,10.81,2.70,13.51,5.41,5.41,0.00,10.81,2.70,8.11,2.70,10.81,0.00,2.70,10.81,5.41,2.70,2.70,
12.50,0.00,8.33,8.33,8.33,12.50,0.00,8.33,0.00,8.33,0.00,0.00,8.33,4.17,0.00,4.17,0.00,4.17,0.00,12.50,
6.25,0.00,3.12,21.88,0.00,3.12,3.12,6.25,0.00,3.12,0.00,0.00,6.25,12.50,12.50,12.50,0.00,3.12,6.25,0.00,
3.85,3.85,11.54,11.54,7.69,0.00,0.00,11.54,0.00,11.54,3.85,0.00,3.85,3.85,15.38,0.00,3.85,3.85,3.85,0.00,
15.56,0.00,2.22,8.89,2.22,2.22,4.44,6.67,8.89,11.11,0.00,0.00,11.11,0.00,4.44,6.67,6.67,8.89,0.00,0.00,
23.08,0.00,0.00,0.00,3.85,11.54,0.00,3.85,0.00,3.85,3.85,7.69,7.69,0.00,3.85,15.38,0.00,3.85,0.00,11.54,
7.69,0.00,7.69,7.69,0.00,7.69,0.00,7.69,15.38,7.69,7.69,0.00,7.69,0.00,7.69,0.00,7.69,0.00,0.00,7.69,
28.57,0.00,0.00,14.29,0.00,14.29,0.00,14.29,0.00,0.00,0.00,0.00,0.00,14.29,14.29,0.00,0.00,0.00,0.00,0.00,
2.04,2.04,8.16,4.08,0.00,6.12,4.08,6.12,16.33,8.16,2.04,2.04,6.12,0.00,6.12,14.29,8.16,4.08,0.00,0.00,
5.41,2.70,0.00,8.11,0.00,2.70,0.00,5.41,5.41,10.81,0.00,24.32,2.70,0.00,2.70,10.81,5.41,10.81,0.00,2.70,
10.00,0.00,10.00,10.00,0.00,0.00,0.00,10.00,0.00,0.00,0.00,10.00,10.00,0.00,10.00,20.00,0.00,0.00,0.00,10.00,
2.70,2.70,0.00,8.11,2.70,2.70,2.70,0.00,2.70,18.92,2.70,5.41,5.41,0.00,2.70,16.22,5.41,18.92,0.00,0.00,
5.71,0.00,0.00,2.86,8.57,8.57,2.86,5.71,14.29,2.86,8.57,8.57,0.00,5.71,5.71,0.00,2.86,2.86,2.86,11.43,
3.57,0.00,3.57,10.71,0.00,3.57,0.00,7.14,3.57,10.71,3.57,0.00,3.57,7.14,7.14,14.29,0.00,14.29,3.57,3.57,
3.33,3.33,0.00,20.00,3.33,3.33,0.00,13.33,0.00,3.33,3.33,0.00,6.67,6.67,6.67,3.33,6.67,6.67,0.00,10.00,
0.00,0.00,0.00,18.75,12.50,12.50,0.00,0.00,6.25,18.75,0.00,0.00,0.00,6.25,6.25,6.25,0.00,0.00,0.00,12.50,
15.91,0.00,0.00,4.55,4.55,4.55,6.82,0.00,4.55,11.36,6.82,0.00,6.82,0.00,15.91,6.82,4.55,4.55,2.27,0.00,
8.16,0.00,4.08,12.24,8.16,8.16,0.00,12.24,4.08,4.08,6.12,6.12,2.04,4.08,2.04,10.20,4.08,2.04,0.00,2.04,
3.12,3.12,3.12,12.50,3.12,12.50,6.25,6.25,3.12,9.38,0.00,0.00,9.38,3.12,3.12,3.12,3.12,3.12,6.25,6.25,
9.38,0.00,12.50,6.25,9.38,0.00,0.00,6.25,6.25,15.62,0.00,3.12,3.12,3.12,0.00,6.25,12.50,0.00,0.00,6.25,
0.00,2.78,2.78,2.78,2.78,0.00,5.56,5.56,5.56,19.44,0.00,2.78,5.56,5.56,5.56,11.11,8.33,2.78,2.78,8.33,
0.00,0.00,0.00,8.33,8.33,0.00,0.00,25.00,8.33,8.33,0.00,0.00,8.33,0.00,8.33,8.33,8.33,8.33,0.00,0.00,
22.22,0.00,0.00,0.00,0.00,0.00,0.00,0.00,0.00,0.00,0.00,22.22,11.11,0.00,11.11,11.11,11.11,11.11,0.00,0.00,
25.00,0.00,12.50,0.00,0.00,12.50,0.00,0.00,0.00,0.00,0.00,0.00,12.50,0.00,0.00,12.50,0.00,0.00,12.50,12.50,
0.00,0.00,0.00,0.00,16.67,16.67,0.00,0.00,16.67,16.67,0.00,16.67,0.00,0.00,16.67,0.00,0.00,0.00,0.00,0.00,
12.50,0.00,2.08,6.25,2.08,14.58,4.17,10.42,2.08,8.33,2.08,10.42,8.33,2.08,2.08,0.00,2.08,8.33,0.00,2.08,
10.00,0.00,0.00,20.00,0.00,0.00,0.00,0.00,6.67,20.00,3.33,10.00,0.00,6.67,0.00,6.67,3.33,13.33,0.00,0.00,
0.00,0.00,9.09,22.73,4.55,9.09,0.00,9.09,18.18,4.55,4.55,9.09,0.00,0.00,4.55,4.55,0.00,0.00,0.00,0.00,
22.22,2.78,13.89,2.78,0.00,11.11,2.78,2.78,0.00,11.11,0.00,0.00,2.78,2.78,2.78,5.56,5.56,8.33,0.00,2.78,
11.11,0.00,3.70,14.81,0.00,7.41,3.70,3.70,0.00,3.70,3.70,3.70,3.70,0.00,18.52,0.00,3.70,18.52,0.00,0.00,
16.67,0.00,0.00,0.00,16.67,0.00,0.00,16.67,16.67,16.67,0.00,0.00,16.67,0.00,0.00,0.00,0.00,0.00,0.00,0.00,
2.17,0.00,4.35,4.35,2.17,4.35,6.52,6.52,8.70,8.70,8.70,2.17,13.04,4.35,6.52,10.87,4.35,0.00,0.00,2.17,
9.52,0.00,0.00,9.52,0.00,9.52,0.00,9.52,4.76,4.76,0.00,0.00,9.52,9.52,4.76,14.29,4.76,0.00,0.00,9.52,
14.29,0.00,0.00,0.00,0.00,14.29,0.00,0.00,0.00,14.29,28.57,0.00,0.00,0.00,0.00,0.00,14.29,0.00,14.29,0.00,
0.00,0.00,6.67,13.33,0.00,13.33,0.00,13.33,20.00,13.33,6.67,0.00,0.00,0.00,6.67,6.67,0.00,0.00,0.00,0.00,
6.90,0.00,3.45,3.45,3.45,6.90,0.00,6.90,3.45,6.90,3.45,3.45,3.45,6.90,3.45,13.79,6.90,17.24,0.00,0.00,
18.18,0.00,0.00,4.55,0.00,4.55,0.00,4.55,18.18,4.55,22.73,4.55,0.00,0.00,0.00,0.00,9.09,9.09,0.00,0.00,
10.26,0.00,2.56,12.82,2.56,5.13,2.56,10.26,7.69,7.69,5.13,7.69,0.00,5.13,7.69,2.56,5.13,5.13,0.00,0.00,
11.76,0.00,2.94,14.71,0.00,2.94,5.88,2.94,2.94,8.82,2.94,8.82,0.00,2.94,8.82,5.88,2.94,11.76,2.94,0.00,
2.33,0.00,6.98,6.98,2.33,0.00,0.00,6.98,6.98,23.26,2.33,6.98,9.30,13.95,2.33,0.00,4.65,2.33,0.00,2.33,
8.00,0.00,4.00,8.00,12.00,12.00,0.00,0.00,4.00,16.00,0.00,4.00,4.00,0.00,4.00,16.00,4.00,0.00,0.00,4.00,
7.69,0.00,3.85,15.38,0.00,7.69,3.85,0.00,19.23,3.85,0.00,19.23,0.00,0.00,0.00,7.69,11.54,0.00,0.00,0.00,
4.17,0.00,0.00,20.83,0.00,0.00,0.00,8.33,12.50,12.50,0.00,4.17,4.17,0.00,12.50,4.17,8.33,4.17,0.00,4.17,
4.00,0.00,8.00,12.00,4.00,4.00,4.00,0.00,0.00,20.00,4.00,4.00,4.00,4.00,12.00,8.00,8.00,0.00,0.00,0.00,
14.71,0.00,2.94,14.71,0.00,2.94,0.00,5.88,5.88,20.59,0.00,0.00,8.82,2.94,2.94,5.88,5.88,2.94,0.00,2.94,
4.00,0.00,10.00,12.00,0.00,4.00,0.00,4.00,8.00,2.00,2.00,12.00,2.00,4.00,4.00,16.00,10.00,6.00,0.00,0.00,
0.00,10.00,0.00,10.00,0.00,10.00,0.00,0.00,10.00,10.00,0.00,10.00,10.00,0.00,0.00,0.00,10.00,10.00,10.00,0.00,
6.06,3.03,15.15,6.06,6.06,6.06,9.09,3.03,9.09,18.18,0.00,3.03,3.03,3.03,0.00,3.03,3.03,3.03,0.00,0.00,
0.00,0.00,20.00,20.00,0.00,0.00,0.00,0.00,40.00,0.00,0.00,0.00,0.00,0.00,20.00,0.00,0.00,0.00,0.00,0.00,
7.14,0.00,0.00,0.00,0.00,14.29,7.14,7.14,0.00,14.29,0.00,0.00,14.29,7.14,0.00,7.14,7.14,14.29,0.00,0.00,
0.00,0.00,13.95,6.98,2.33,0.00,0.00,6.98,9.30,9.30,2.33,4.65,2.33,2.33,4.65,6.98,11.63,4.65,0.00,11.63,
17.65,2.94,0.00,8.82,5.88,0.00,2.94,5.88,8.82,14.71,0.00,2.94,2.94,5.88,0.00,2.94,8.82,0.00,2.94,5.88,
18.42,0.00,7.89,10.53,2.63,10.53,2.63,5.26,0.00,2.63,0.00,5.26,2.63,2.63,2.63,5.26,0.00,18.42,0.00,2.63,
0.00,0.00,20.00,40.00,0.00,0.00,0.00,0.00,0.00,20.00,0.00,0.00,0.00,0.00,20.00,0.00,0.00,0.00,0.00,0.00,
15.38,0.00,0.00,7.69,23.08,0.00,0.00,0.00,7.69,7.69,0.00,15.38,0.00,0.00,7.69,0.00,7.69,7.69,0.00,0.00,
26.92,0.00,3.85,3.85,0.00,0.00,0.00,0.00,11.54,15.38,3.85,3.85,0.00,0.00,7.69,7.69,3.85,7.69,0.00,3.85,
12.50,0.00,12.50,12.50,6.25,12.50,0.00,0.00,0.00,6.25,0.00,12.50,0.00,0.00,0.00,0.00,18.75,6.25,0.00,0.00,
13.04,0.00,8.70,4.35,0.00,13.04,0.00,17.39,13.04,8.70,0.00,8.70,4.35,0.00,4.35,0.00,0.00,0.00,0.00,4.35,
11.36,6.82,2.27,4.55,2.27,0.00,2.27,4.55,11.36,9.09,0.00,0.00,2.27,9.09,4.55,4.55,4.55,18.18,0.00,2.27,
5.88,5.88,0.00,0.00,17.65,0.00,5.88,5.88,5.88,5.88,0.00,0.00,0.00,11.76,23.53,11.76,0.00,0.00,0.00,0.00,
10.26,0.00,7.69,7.69,0.00,12.82,2.56,5.13,10.26,7.69,2.56,2.56,5.13,5.13,2.56,5.13,0.00,5.13,2.56,5.13,
0.00,0.00,7.41,14.81,0.00,7.41,0.00,11.11,22.22,11.11,0.00,0.00,3.70,0.00,0.00,3.70,7.41,11.11,0.00,0.00,
0.00,0.00,0.00,0.00,0.00,7.14,14.29,0.00,7.14,14.29,14.29,0.00,7.14,7.14,21.43,0.00,0.00,7.14,0.00,0.00,
7.69,0.00,7.69,11.54,0.00,3.85,0.00,0.00,19.23,7.69,0.00,0.00,3.85,0.00,11.54,15.38,0.00,11.54,0.00,0.00,
6.67,0.00,3.33,10.00,0.00,13.33,0.00,10.00,3.33,6.67,10.00,3.33,6.67,0.00,6.67,3.33,3.33,6.67,0.00,6.67,
15.00,5.00,5.00,5.00,10.00,15.00,0.00,0.00,0.00,5.00,0.00,5.00,5.00,5.00,10.00,0.00,5.00,5.00,0.00,5.00,
0.00,0.00,6.12,8.16,8.16,0.00,0.00,8.16,6.12,10.20,2.04,22.45,0.00,8.16,0.00,6.12,8.16,6.12,0.00,0.00,
0.00,0.00,0.00,5.56,11.11,11.11,0.00,16.67,16.67,5.56,0.00,16.67,0.00,0.00,0.00,5.56,5.56,5.56,0.00,0.00,
13.33,0.00,0.00,6.67,6.67,0.00,0.00,6.67,6.67,20.00,0.00,20.00,0.00,0.00,6.67,0.00,6.67,6.67,0.00,0.00,
7.32,0.00,2.44,4.88,0.00,9.76,0.00,2.44,4.88,19.51,2.44,4.88,12.20,2.44,2.44,2.44,9.76,12.20,0.00,0.00,
8.33,4.17,4.17,12.50,0.00,8.33,0.00,20.83,4.17,4.17,4.17,4.17,0.00,4.17,0.00,12.50,4.17,0.00,0.00,4.17,
10.53,0.00,5.26,2.63,5.26,7.89,2.63,7.89,2.63,13.16,0.00,5.26,5.26,7.89,5.26,5.26,7.89,5.26,0.00,0.00,
3.23,0.00,3.23,3.23,6.45,3.23,0.00,12.90,16.13,12.90,0.00,12.90,0.00,0.00,3.23,19.35,3.23,0.00,0.00,0.00,
14.29,7.14,14.29,7.14,0.00,7.14,0.00,7.14,0.00,14.29,0.00,0.00,0.00,0.00,0.00,7.14,14.29,7.14,0.00,0.00,
0.00,0.00,15.00,5.00,10.00,10.00,0.00,0.00,10.00,20.00,0.00,0.00,5.00,5.00,5.00,10.00,0.00,0.00,0.00,5.00,
6.38,4.26,2.13,6.38,2.13,6.38,6.38,12.77,4.26,8.51,2.13,2.13,4.26,0.00,10.64,2.13,2.13,8.51,2.13,6.38,
36.36,0.00,0.00,0.00,0.00,0.00,9.09,9.09,0.00,9.09,0.00,9.09,0.00,0.00,18.18,9.09,0.00,0.00,0.00,0.00,
32.35,0.00,8.82,8.82,0.00,2.94,0.00,2.94,2.94,5.88,0.00,0.00,0.00,14.71,8.82,0.00,0.00,11.76,0.00,0.00,
0.00,0.00,0.00,0.00,0.00,0.00,0.00,0.00,25.00,0.00,0.00,0.00,25.00,5.00,0.00,25.00,5.00,15.00,0.00,0.00,
0.00,0.00,0.00,0.00,0.00,12.50,0.00,25.00,12.50,12.50,0.00,0.00,0.00,12.50,0.00,12.50,0.00,0.00,0.00,12.50,
6.06,0.00,3.03,9.09,0.00,3.03,3.03,6.06,3.03,3.03,3.03,9.09,0.00,6.06,0.00,15.15,3.03,24.24,3.03,0.00,
7.14,2.38,11.90,9.52,0.00,14.29,2.38,7.14,4.76,2.38,0.00,0.00,9.52,2.38,0.00,0.00,4.76,9.52,2.38,9.52,
0.00,0.00,12.50,12.50,0.00,0.00,6.25,0.00,25.00,0.00,0.00,0.00,6.25,6.25,25.00,0.00,0.00,0.00,0.00,6.25,
0.00,0.00,0.00,13.64,4.55,18.18,9.09,9.09,0.00,9.09,0.00,0.00,4.55,9.09,0.00,9.09,0.00,9.09,0.00,4.55,
3.85,3.85,0.00,7.69,0.00,7.69,0.00,11.54,11.54,11.54,3.85,7.69,3.85,3.85,3.85,7.69,7.69,3.85,0.00,0.00,
10.71,0.00,10.71,10.71,0.00,7.14,3.57,10.71,0.00,10.71,7.14,0.00,0.00,0.00,3.57,3.57,14.29,7.14,0.00,0.00,
9.52,0.00,9.52,9.52,4.76,0.00,0.00,4.76,19.05,14.29,4.76,9.52,0.00,4.76,0.00,0.00,4.76,4.76,0.00,0.00,
8.82,0.00,2.94,0.00,0.00,20.59,0.00,2.94,5.88,17.65,2.94,2.94,2.94,5.88,2.94,5.88,5.88,8.82,0.00,2.94,
40.00,0.00,0.00,0.00,3.33,0.00,0.00,0.00,3.33,0.00,3.33,3.33,3.33,10.00,13.33,0.00,0.00,13.33,0.00,6.67,
8.33,0.00,0.00,8.33,0.00,4.17,4.17,12.50,8.33,12.50,0.00,8.33,0.00,4.17,12.50,8.33,8.33,0.00,0.00,0.00,
3.23,0.00,6.45,12.90,6.45,9.68,0.00,9.68,12.90,12.90,0.00,0.00,6.45,0.00,3.23,0.00,0.00,12.90,0.00,3.23,
6.67,0.00,2.22,13.33,6.67,4.44,0.00,0.00,11.11,13.33,0.00,6.67,2.22,6.67,0.00,4.44,6.67,2.22,2.22,11.11,
23.08,0.00,7.69,7.69,0.00,15.38,0.00,15.38,7.69,0.00,7.69,7.69,0.00,0.00,0.00,0.00,0.00,7.69,0.00,0.00,
11.11,0.00,11.11,0.00,0.00,0.00,0.00,5.56,11.11,16.67,0.00,11.11,0.00,16.67,5.56,0.00,0.00,5.56,0.00,5.56,
6.25,6.25,9.38,3.12,0.00,12.50,0.00,6.25,9.38,12.50,6.25,3.12,3.12,9.38,3.12,3.12,0.00,6.25,0.00,0.00,
6.12,0.00,8.16,6.12,2.04,4.08,0.00,10.20,10.20,6.12,2.04,8.16,0.00,0.00,8.16,12.24,8.16,8.16,0.00,0.00,
6.52,4.35,8.70,4.35,4.35,4.35,0.00,6.52,10.87,15.22,0.00,4.35,4.35,10.87,0.00,6.52,0.00,4.35,2.17,2.17,
6.45,3.23,0.00,0.00,3.23,12.90,0.00,9.68,0.00,29.03,0.00,0.00,3.23,3.23,3.23,9.68,6.45,6.45,0.00,3.23,
8.00,4.00,4.00,8.00,8.00,0.00,0.00,0.00,8.00,8.00,8.00,4.00,0.00,8.00,16.00,16.00,0.00,0.00,0.00,0.00,
0.00,0.00,7.14,7.14,14.29,0.00,0.00,0.00,0.00,0.00,14.29,0.00,0.00,7.14,0.00,21.43,7.14,14.29,0.00,7.14,
4.55,0.00,6.82,6.82,2.27,4.55,2.27,13.64,4.55,9.09,2.27,9.09,2.27,2.27,6.82,4.55,2.27,11.36,0.00,4.55,
7.69,0.00,7.69,7.69,0.00,7.69,7.69,0.00,7.69,15.38,0.00,7.69,0.00,7.69,7.69,0.00,0.00,15.38,0.00,0.00,
12.00,4.00,12.00,0.00,0.00,12.00,0.00,8.00,8.00,12.00,0.00,0.00,0.00,0.00,0.00,4.00,16.00,8.00,0.00,4.00,
12.50,0.00,0.00,12.50,0.00,0.00,0.00,0.00,0.00,25.00,0.00,0.00,0.00,12.50,37.50,0.00,0.00,0.00,0.00,0.00,
0.00,3.85,3.85,7.69,7.69,7.69,0.00,0.00,7.69,19.23,3.85,3.85,0.00,3.85,3.85,7.69,0.00,11.54,0.00,7.69,
2.50,2.50,10.00,10.00,0.00,15.00,7.50,7.50,7.50,7.50,2.50,5.00,7.50,2.50,2.50,0.00,0.00,5.00,2.50,2.50,
2.78,2.78,5.56,5.56,5.56,2.78,2.78,8.33,0.00,5.56,0.00,11.11,5.56,11.11,8.33,2.78,5.56,11.11,0.00,2.78,
12.50,4.17,0.00,2.08,6.25,2.08,0.00,4.17,2.08,14.58,2.08,0.00,6.25,2.08,4.17,6.25,10.42,10.42,6.25,4.17,
2.22,0.00,4.44,2.22,4.44,4.44,4.44,13.33,4.44,15.56,6.67,2.22,4.44,2.22,2.22,8.89,2.22,4.44,2.22,8.89,
6.90,0.00,3.45,3.45,0.00,13.79,3.45,0.00,3.45,10.34,0.00,3.45,6.90,0.00,10.34,0.00,10.34,13.79,6.90,3.45,
10.00,0.00,10.00,0.00,0.00,10.00,0.00,10.00,0.00,10.00,0.00,30.00,0.00,0.00,0.00,0.00,0.00,20.00,0.00,0.00,
5.26,5.26,5.26,10.53,5.26,0.00,0.00,0.00,5.26,5.26,0.00,5.26,0.00,5.26,0.00,5.26,10.53,31.58,0.00,0.00,
0.00,0.00,0.00,7.14,0.00,7.14,7.14,28.57,14.29,14.29,0.00,0.00,0.00,0.00,14.29,7.14,0.00,0.00,0.00,0.00,
9.09,0.00,0.00,0.00,9.09,0.00,0.00,0.00,0.00,18.18,0.00,0.00,0.00,9.09,18.18,18.18,0.00,9.09,0.00,9.09,
10.00,0.00,3.33,6.67,0.00,6.67,0.00,3.33,0.00,3.33,0.00,3.33,13.33,3.33,0.00,20.00,10.00,16.67,0.00,0.00,
0.00,0.00,12.50,12.50,12.50,0.00,0.00,12.50,12.50,0.00,0.00,25.00,0.00,0.00,12.50,0.00,0.00,0.00,0.00,0.00,
5.00,0.00,5.00,5.00,5.00,2.50,0.00,7.50,12.50,7.50,2.50,7.50,7.50,0.00,5.00,15.00,2.50,7.50,0.00,2.50,
0.00,6.25,6.25,3.12,3.12,3.12,3.12,6.25,3.12,12.50,0.00,0.00,9.38,3.12,0.00,21.88,6.25,12.50,0.00,0.00,
0.00,0.00,0.00,16.67,16.67,0.00,0.00,0.00,16.67,16.67,0.00,16.67,0.00,0.00,0.00,16.67,0.00,0.00,0.00,0.00,
7.14,0.00,7.14,21.43,0.00,0.00,0.00,7.14,0.00,7.14,0.00,7.14,7.14,0.00,7.14,0.00,14.29,7.14,7.14,0.00,
12.50,0.00,25.00,0.00,0.00,12.50,12.50,0.00,0.00,0.00,0.00,0.00,12.50,12.50,0.00,0.00,12.50,0.00,0.00,0.00,
4.35,0.00,6.52,8.70,2.17,4.35,0.00,4.35,8.70,10.87,4.35,6.52,4.35,4.35,0.00,8.70,0.00,19.57,0.00,2.17,
15.79,5.26,5.26,5.26,0.00,5.26,0.00,0.00,10.53,15.79,0.00,0.00,5.26,0.00,10.53,5.26,0.00,10.53,5.26,0.00,
2.33,0.00,0.00,11.63,6.98,6.98,4.65,11.63,4.65,6.98,2.33,6.98,4.65,4.65,2.33,9.30,4.65,6.98,2.33,0.00,
13.64,0.00,4.55,9.09,4.55,4.55,0.00,4.55,13.64,9.09,0.00,0.00,0.00,4.55,9.09,13.64,4.55,0.00,0.00,4.55,
3.33,0.00,6.67,6.67,3.33,13.33,0.00,3.33,13.33,13.33,6.67,0.00,0.00,10.00,3.33,3.33,3.33,10.00,0.00,0.00,
10.42,2.08,4.17,6.25,6.25,6.25,2.08,4.17,10.42,12.50,0.00,6.25,2.08,2.08,4.17,10.42,4.17,2.08,2.08,2.08,
2.63,0.00,5.26,7.89,0.00,10.53,7.89,10.53,13.16,7.89,2.63,2.63,0.00,5.26,2.63,7.89,5.26,7.89,0.00,0.00,
13.89,2.78,2.78,5.56,5.56,2.78,8.33,2.78,2.78,11.11,0.00,2.78,5.56,0.00,13.89,5.56,11.11,2.78,0.00,0.00,
0.00,0.00,4.55,9.09,9.09,13.64,0.00,0.00,4.55,22.73,0.00,9.09,0.00,4.55,9.09,4.55,9.09,0.00,0.00,0.00,
8.70,0.00,4.35,0.00,26.09,4.35,0.00,8.70,4.35,4.35,0.00,0.00,4.35,0.00,0.00,8.70,8.70,4.35,4.35,8.70,
17.95,0.00,2.56,10.26,2.56,5.13,0.00,10.26,5.13,5.13,0.00,0.00,2.56,0.00,10.26,7.69,7.69,12.82,0.00,0.00,
10.00,0.00,0.00,10.00,10.00,0.00,0.00,0.00,0.00,10.00,0.00,10.00,30.00,0.00,0.00,10.00,10.00,0.00,0.00,0.00,
4.17,8.33,8.33,4.17,0.00,8.33,4.17,8.33,4.17,8.33,8.33,4.17,8.33,0.00,4.17,0.00,4.17,12.50,0.00,0.00,
0.00,0.00,0.00,2.56,7.69,7.69,2.56,7.69,7.69,10.26,5.13,5.13,15.38,0.00,0.00,15.38,10.26,2.56,0.00,0.00,
20.00,0.00,10.00,5.00,0.00,10.00,5.00,5.00,5.00,10.00,5.00,0.00,10.00,5.00,0.00,0.00,0.00,0.00,5.00,5.00,
7.14,3.57,3.57,3.57,3.57,10.71,0.00,10.71,3.57,7.14,3.57,10.71,10.71,0.00,14.29,0.00,0.00,3.57,3.57,0.00,
40.00,0.00,0.00,0.00,0.00,20.00,0.00,0.00,20.00,0.00,0.00,0.00,0.00,0.00,0.00,0.00,0.00,0.00,20.00,0.00,
10.00,0.00,0.00,5.00,0.00,10.00,0.00,0.00,0.00,20.00,5.00,0.00,5.00,0.00,5.00,15.00,15.00,10.00,0.00,0.00,
8.00,0.00,2.00,12.00,2.00,6.00,2.00,0.00,10.00,14.00,2.00,4.00,6.00,2.00,4.00,8.00,4.00,10.00,0.00,4.00,
2.56,0.00,5.13,5.13,15.38,5.13,2.56,10.26,5.13,7.69,7.69,0.00,5.13,2.56,2.56,2.56,10.26,5.13,5.13,0.00,
5.88,0.00,0.00,2.94,2.94,2.94,5.88,5.88,0.00,8.82,2.94,0.00,17.65,5.88,5.88,17.65,2.94,0.00,2.94,8.82,
4.08,0.00,8.16,2.04,4.08,0.00,0.00,8.16,2.04,10.20,2.04,8.16,2.04,4.08,10.20,14.29,8.16,8.16,2.04,2.04,
16.67,0.00,0.00,0.00,11.11,16.67,0.00,0.00,11.11,0.00,0.00,0.00,5.56,11.11,5.56,16.67,5.56,0.00,0.00,0.00,
2.63,0.00,5.26,2.63,5.26,0.00,5.26,5.26,10.53,7.89,0.00,7.89,5.26,5.26,5.26,13.16,5.26,2.63,0.00,10.53,
0.00,20.00,0.00,0.00,20.00,0.00,0.00,0.00,20.00,0.00,20.00,0.00,0.00,0.00,20.00,0.00,0.00,0.00,0.00,0.00,
16.67,0.00,0.00,25.00,8.33,0.00,0.00,8.33,8.33,0.00,0.00,0.00,0.00,16.67,0.00,8.33,0.00,8.33,0.00,0.00,
0.00,13.89,2.78,0.00,0.00,55.56,0.00,11.11,0.00,0.00,0.00,0.00,11.11,0.00,0.00,0.00,0.00,2.78,2.78,0.00,
8.51,2.13,4.26,8.51,0.00,6.38,2.13,6.38,4.26,8.51,0.00,4.26,10.64,2.13,8.51,4.26,2.13,8.51,6.38,2.13,
11.43,0.00,0.00,11.43,5.71,5.71,0.00,2.86,5.71,14.29,2.86,2.86,5.71,5.71,11.43,5.71,0.00,8.57,0.00,0.00,
12.00,10.00,8.00,4.00,2.00,8.00,2.00,8.00,6.00,4.00,0.00,2.00,0.00,0.00,8.00,4.00,10.00,4.00,0.00,8.00,
5.26,5.26,0.00,5.26,0.00,5.26,5.26,5.26,10.53,15.79,5.26,0.00,5.26,0.00,10.53,5.26,0.00,0.00,5.26,10.53,
0.00,11.11,0.00,5.56,5.56,0.00,0.00,5.56,5.56,0.00,11.11,5.56,5.56,5.56,16.67,5.56,11.11,5.56,0.00,0.00,
18.18,0.00,0.00,4.55,0.00,13.64,4.55,0.00,0.00,22.73,4.55,9.09,4.55,4.55,0.00,0.00,0.00,9.09,4.55,0.00,
0.00,0.00,0.00,0.00,0.00,0.00,0.00,0.00,16.67,16.67,0.00,0.00,16.67,33.33,0.00,0.00,0.00,0.00,0.00,16.67,
4.65,2.33,0.00,4.65,2.33,6.98,0.00,11.63,4.65,2.33,2.33,6.98,2.33,2.33,2.33,6.98,11.63,6.98,2.33,16.28,
2.38,0.00,7.14,16.67,4.76,2.38,2.38,4.76,14.29,14.29,4.76,4.76,2.38,0.00,9.52,0.00,2.38,7.14,0.00,0.00,
2.86,0.00,5.71,8.57,5.71,5.71,0.00,14.29,5.71,11.43,0.00,5.71,5.71,2.86,0.00,5.71,8.57,8.57,0.00,2.86,
10.20,0.00,8.16,14.29,2.04,12.24,2.04,4.08,0.00,10.20,2.04,2.04,2.04,4.08,8.16,2.04,2.04,6.12,2.04,6.12,
16.67,0.00,0.00,0.00,0.00,0.00,0.00,0.00,16.67,0.00,33.33,0.00,0.00,16.67,0.00,0.00,0.00,0.00,0.00,16.67,
0.00,0.00,22.22,11.11,0.00,11.11,0.00,0.00,0.00,11.11,0.00,11.11,11.11,11.11,0.00,0.00,0.00,11.11,0.00,0.00,
19.57,0.00,2.17,8.70,0.00,2.17,4.35,0.00,2.17,17.39,0.00,0.00,2.17,6.52,10.87,4.35,6.52,8.70,0.00,4.35,
2.86,0.00,8.57,5.71,5.71,5.71,2.86,14.29,2.86,8.57,0.00,0.00,11.43,2.86,5.71,8.57,2.86,8.57,2.86,0.00,
3.12,0.00,6.25,3.12,6.25,12.50,3.12,6.25,3.12,12.50,3.12,0.00,3.12,9.38,3.12,6.25,0.00,12.50,0.00,6.25,
3.85,0.00,7.69,19.23,0.00,0.00,0.00,3.85,26.92,7.69,0.00,11.54,0.00,3.85,7.69,0.00,0.00,3.85,0.00,3.85,
7.14,0.00,0.00,7.14,7.14,14.29,0.00,7.14,7.14,7.14,7.14,0.00,0.00,0.00,7.14,0.00,7.14,21.43,0.00,0.00,
0.00,0.00,0.00,22.22,0.00,22.22,0.00,0.00,0.00,33.33,0.00,0.00,0.00,0.00,22.22,0.00,0.00,0.00,0.00,0.00,
13.89,0.00,5.56,2.78,2.78,11.11,5.56,2.78,5.56,13.89,2.78,0.00,8.33,2.78,2.78,2.78,2.78,11.11,2.78,0.00,
22.22,0.00,0.00,11.11,0.00,0.00,0.00,11.11,11.11,0.00,0.00,0.00,0.00,0.00,11.11,0.00,11.11,22.22,0.00,0.00,
12.24,0.00,10.20,2.04,4.08,16.33,0.00,6.12,2.04,6.12,0.00,4.08,10.20,2.04,8.16,6.12,0.00,8.16,2.04,0.00,
3.03,0.00,12.12,6.06,6.06,0.00,6.06,6.06,3.03,12.12,6.06,6.06,6.06,6.06,6.06,6.06,3.03,0.00,0.00,6.06,
6.90,3.45,6.90,6.90,3.45,13.79,0.00,6.90,3.45,0.00,3.45,3.45,10.34,0.00,6.90,3.45,10.34,3.45,3.45,3.45,
2.78,5.56,5.56,2.78,2.78,11.11,0.00,8.33,2.78,2.78,2.78,5.56,8.33,2.78,2.78,5.56,13.89,5.56,5.56,2.78,
0.00,0.00,16.67,16.67,0.00,0.00,0.00,0.00,0.00,0.00,0.00,0.00,33.33,16.67,0.00,16.67,0.00,0.00,0.00,0.00,
0.00,0.00,10.00,0.00,0.00,20.00,0.00,0.00,10.00,20.00,10.00,10.00,10.00,0.00,0.00,10.00,0.00,0.00,0.00,0.00,
21.43,0.00,3.57,3.57,0.00,3.57,3.57,3.57,7.14,3.57,0.00,3.57,10.71,3.57,3.57,0.00,7.14,17.86,3.57,0.00,
8.70,0.00,8.70,8.70,4.35,4.35,0.00,4.35,17.39,13.04,8.70,0.00,4.35,0.00,4.35,0.00,0.00,8.70,4.35,0.00,
12.50,0.00,3.12,3.12,0.00,3.12,3.12,0.00,6.25,18.75,12.50,0.00,3.12,3.12,3.12,6.25,15.62,6.25,0.00,0.00,
11.11,0.00,8.33,5.56,0.00,8.33,0.00,13.89,2.78,11.11,0.00,0.00,5.56,0.00,0.00,13.89,5.56,11.11,0.00,2.78,
13.89,0.00,16.67,5.56,5.56,2.78,2.78,2.78,2.78,19.44,2.78,0.00,2.78,5.56,0.00,8.33,5.56,2.78,0.00,0.00,
13.33,0.00,6.67,0.00,0.00,6.67,0.00,0.00,6.67,20.00,0.00,6.67,0.00,6.67,0.00,13.33,6.67,13.33,0.00,0.00,
10.81,0.00,2.70,8.11,5.41,5.41,8.11,2.70,2.70,2.70,0.00,10.81,8.11,2.70,2.70,18.92,2.70,5.41,0.00,0.00,
4.88,0.00,2.44,12.20,7.32,14.63,2.44,4.88,2.44,4.88,2.44,0.00,14.63,0.00,12.20,7.32,2.44,4.88,0.00,0.00,
8.33,0.00,16.67,8.33,0.00,0.00,0.00,8.33,8.33,25.00,8.33,0.00,8.33,0.00,0.00,0.00,8.33,0.00,0.00,0.00,
0.00,0.00,9.09,18.18,0.00,9.09,0.00,9.09,9.09,0.00,0.00,9.09,0.00,9.09,0.00,0.00,0.00,27.27,0.00,0.00,
0.00,0.00,11.11,22.22,0.00,11.11,0.00,0.00,11.11,0.00,11.11,11.11,11.11,0.00,0.00,0.00,0.00,11.11,0.00,0.00,
0.00,0.00,33.33,0.00,0.00,0.00,0.00,0.00,0.00,16.67,0.00,0.00,0.00,16.67,0.00,0.00,33.33,0.00,0.00,0.00,
2.33,0.00,4.65,6.98,2.33,4.65,0.00,6.98,6.98,6.98,2.33,2.33,13.95,2.33,11.63,6.98,9.30,4.65,2.33,2.33,
9.52,2.38,11.90,7.14,2.38,7.14,2.38,4.76,4.76,9.52,0.00,7.14,2.38,4.76,4.76,2.38,9.52,2.38,2.38,2.38,
18.75,0.00,0.00,0.00,6.25,12.50,0.00,0.00,0.00,0.00,0.00,6.25,12.50,6.25,0.00,18.75,6.25,6.25,0.00,6.25,
0.00,0.00,12.50,0.00,6.25,6.25,0.00,6.25,6.25,18.75,0.00,6.25,6.25,0.00,0.00,6.25,12.50,12.50,0.00,0.00,
12.50,0.00,18.75,0.00,0.00,9.38,0.00,9.38,3.12,0.00,0.00,6.25,6.25,3.12,3.12,3.12,3.12,15.62,0.00,6.25,
10.00,0.00,5.00,2.50,0.00,5.00,0.00,5.00,7.50,10.00,5.00,7.50,2.50,2.50,5.00,2.50,5.00,12.50,5.00,7.50,
13.33,3.33,13.33,6.67,0.00,10.00,0.00,0.00,6.67,6.67,3.33,3.33,6.67,0.00,0.00,10.00,0.00,13.33,0.00,3.33,
14.29,0.00,0.00,9.52,0.00,4.76,4.76,4.76,14.29,9.52,0.00,4.76,0.00,4.76,4.76,4.76,4.76,14.29,0.00,0.00,
21.05,0.00,5.26,5.26,0.00,5.26,0.00,5.26,10.53,5.26,0.00,5.26,0.00,0.00,5.26,10.53,5.26,15.79,0.00,0.00,
5.00,0.00,0.00,5.00,0.00,20.00,5.00,0.00,0.00,10.00,0.00,0.00,10.00,10.00,5.00,10.00,15.00,0.00,5.00,0.00,
7.50,5.00,5.00,12.50,5.00,5.00,2.50,7.50,2.50,7.50,5.00,5.00,5.00,0.00,5.00,10.00,2.50,2.50,2.50,2.50,
11.11,2.22,8.89,15.56,4.44,2.22,2.22,6.67,2.22,8.89,4.44,2.22,4.44,0.00,6.67,6.67,0.00,4.44,2.22,4.44,
6.25,0.00,6.25,6.25,4.17,8.33,4.17,2.08,2.08,8.33,4.17,2.08,4.17,4.17,4.17,8.33,12.50,6.25,0.00,6.25,
37.50,0.00,0.00,0.00,0.00,25.00,12.50,0.00,0.00,0.00,0.00,0.00,0.00,0.00,0.00,25.00,0.00,0.00,0.00,0.00,
0.00,0.00,0.00,14.29,7.14,7.14,0.00,0.00,21.43,21.43,0.00,0.00,7.14,0.00,0.00,0.00,0.00,7.14,0.00,14.29,
8.89,0.00,11.11,6.67,4.44,6.67,2.22,0.00,4.44,6.67,6.67,2.22,2.22,6.67,2.22,4.44,8.89,8.89,0.00,6.67,
2.94,0.00,5.88,17.65,2.94,11.76,2.94,5.88,8.82,14.71,5.88,5.88,0.00,0.00,5.88,0.00,2.94,5.88,0.00,0.00,
3.45,0.00,6.90,6.90,10.34,0.00,6.90,13.79,0.00,13.79,0.00,10.34,6.90,6.90,0.00,3.45,0.00,3.45,0.00,6.90,
2.56,2.56,2.56,7.69,2.56,7.69,0.00,5.13,5.13,23.08,2.56,7.69,7.69,2.56,5.13,5.13,0.00,5.13,0.00,5.13,
5.88,0.00,0.00,2.94,8.82,5.88,2.94,5.88,5.88,20.59,0.00,0.00,8.82,2.94,0.00,5.88,2.94,8.82,2.94,8.82,
0.00,0.00,10.34,3.45,3.45,10.34,3.45,3.45,10.34,10.34,0.00,6.90,0.00,0.00,6.90,10.34,3.45,10.34,3.45,3.45,
13.33,0.00,10.00,10.00,10.00,3.33,0.00,6.67,3.33,6.67,0.00,0.00,3.33,3.33,3.33,6.67,6.67,13.33,0.00,0.00,
16.67,0.00,0.00,0.00,0.00,0.00,0.00,0.00,0.00,50.00,16.67,0.00,0.00,0.00,0.00,0.00,0.00,16.67,0.00,0.00,
7.14,0.00,7.14,0.00,0.00,14.29,0.00,7.14,0.00,7.14,7.14,14.29,7.14,0.00,0.00,14.29,0.00,7.14,0.00,7.14,
10.00,5.00,0.00,10.00,5.00,5.00,0.00,5.00,5.00,20.00,0.00,5.00,5.00,0.00,0.00,0.00,15.00,5.00,0.00,5.00,
6.25,0.00,6.25,6.25,0.00,6.25,6.25,6.25,6.25,18.75,0.00,0.00,6.25,0.00,0.00,0.00,6.25,12.50,0.00,12.50,
0.00,0.00,0.00,0.00,0.00,33.33,0.00,16.67,16.67,0.00,0.00,0.00,16.67,0.00,16.67,0.00,0.00,0.00,0.00,0.00,
15.38,0.00,15.38,0.00,11.54,7.69,0.00,3.85,7.69,15.38,3.85,0.00,0.00,0.00,3.85,0.00,7.69,7.69,0.00,0.00,
10.71,0.00,10.71,7.14,0.00,10.71,0.00,14.29,3.57,10.71,0.00,3.57,10.71,3.57,0.00,3.57,3.57,7.14,0.00,0.00,
0.00,0.00,9.52,7.14,0.00,4.76,0.00,7.14,9.52,7.14,0.00,7.14,9.52,4.76,9.52,9.52,9.52,2.38,0.00,2.38,
2.44,0.00,2.44,14.63,4.88,7.32,2.44,2.44,9.76,14.63,0.00,0.00,4.88,2.44,9.76,12.20,2.44,0.00,0.00,7.32,
4.44,0.00,6.67,0.00,2.22,8.89,0.00,4.44,4.44,8.89,0.00,2.22,6.67,6.67,13.33,6.67,8.89,4.44,0.00,11.11,
0.00,8.33,0.00,16.67,8.33,0.00,8.33,8.33,0.00,8.33,8.33,0.00,0.00,8.33,8.33,8.33,0.00,0.00,8.33,0.00,
