A,C,D,E,F,G,H,I,K,L,M,N,P,Q,R,S,T,V,W,Y,
3.45,3.45,13.79,6.90,0.00,10.34,0.00,6.90,10.34,13.79,3.45,3.45,3.45,0.00,6.90,0.00,0.00,6.90,0.00,6.90,
0.00,0.00,3.12,21.88,0.00,0.00,3.12,12.50,12.50,3.12,3.12,9.38,0.00,6.25,9.38,6.25,3.12,6.25,0.00,0.00,
0.00,7.69,30.77,0.00,0.00,7.69,0.00,7.69,7.69,15.38,15.38,0.00,0.00,0.00,0.00,0.00,0.00,7.69,0.00,0.00,
0.00,0.00,0.00,5.88,5.88,17.65,0.00,0.00,11.76,0.00,11.76,0.00,5.88,0.00,0.00,5.88,5.88,5.88,5.88,17.65,
13.33,0.00,6.67,0.00,6.67,10.00,10.00,3.33,3.33,6.67,3.33,3.33,3.33,3.33,3.33,0.00,16.67,6.67,0.00,0.00,
0.00,0.00,14.29,0.00,14.29,14.29,0.00,14.29,0.00,14.29,0.00,0.00,0.00,0.00,0.00,0.00,0.00,28.57,0.00,0.00,
9.68,6.45,6.45,0.00,3.23,12.90,0.00,0.00,0.00,3.23,3.23,0.00,9.68,3.23,12.90,19.35,3.23,3.23,0.00,3.23,
0.00,0.00,0.00,8.33,0.00,8.33,8.33,0.00,0.00,16.67,8.33,0.00,0.00,8.33,8.33,8.33,16.67,8.33,0.00,0.00,
6.67,0.00,0.00,13.33,13.33,6.67,0.00,0.00,20.00,13.33,0.00,6.67,6.67,0.00,0.00,6.67,0.00,0.00,0.00,6.67,
4.00,8.00,4.00,4.00,8.00,8.00,4.00,8.00,12.00,0.00,4.00,0.00,0.00,0.00,16.00,4.00,8.00,8.00,0.00,0.00,
2.78,0.00,2.78,8.33,13.89,0.00,2.78,2.78,11.11,0.00,2.78,8.33,0.00,0.00,8.33,2.78,5.56,16.67,5.56,5.56,
11.11,0.00,11.11,11.11,11.11,11.11,0.00,0.00,0.00,22.22,0.00,0.00,0.00,11.11,0.00,0.00,11.11,0.00,0.00,0.00,
8.70,2.17,6.52,4.35,2.17,4.35,6.52,8.70,2.17,2.17,6.52,10.87,0.00,0.00,6.52,10.87,8.70,6.52,0.00,2.17,
13.64,0.00,9.09,13.64,0.00,4.55,0.00,0.00,4.55,4.55,0.00,4.55,13.64,4.55,0.00,4.55,0.00,18.18,0.00,4.55,
4.35,4.35,8.70,0.00,4.35,8.70,0.00,0.00,8.70,8.70,4.35,0.00,8.70,8.70,4.35,8.70,4.35,13.04,0.00,0.00,
4.17,0.00,4.17,4.17,8.33,12.50,0.00,8.33,4.17,4.17,4.17,0.00,8.33,0.00,8.33,0.00,16.67,12.50,0.00,0.00,
11.11,0.00,0.00,0.00,0.00,22.22,0.00,5.56,5.56,5.56,5.56,5.56,5.56,11.11,0.00,11.11,5.56,5.56,0.00,0.00,
3.12,3.12,9.38,9.38,3.12,3.12,3.12,9.38,6.25,3.12,0.00,3.12,6.25,3.12,9.38,3.12,6.25,12.50,3.12,0.00,
5.26,0.00,10.53,10.53,2.63,2.63,5.26,7.89,7.89,2.63,2.63,2.63,0.00,0.00,0.00,10.53,13.16,10.53,2.63,2.63,
0.00,0.00,0.00,0.00,0.00,0.00,0.00,0.00,0.00,20.00,0.00,0.00,0.00,20.00,0.00,60.00,0.00,0.00,0.00,0.00,
7.14,0.00,7.14,7.14,7.14,0.00,0.00,14.29,0.00,7.14,0.00,0.00,7.14,0.00,21.43,21.43,0.00,0.00,0.00,0.00,
0.00,0.00,0.00,0.00,0.00,14.29,0.00,14.29,0.00,0.00,0.00,0.00,0.00,14.29,14.29,0.00,28.57,0.00,0.00,14.29,
7.89,2.63,13.16,5.26,2.63,7.89,0.00,2.63,5.26,5.26,7.89,2.63,0.00,5.26,2.63,5.26,5.26,10.53,0.00,7.89,
6.90,0.00,3.45,10.34,6.90,0.00,0.00,0.00,0.00,10.34,3.45,0.00,6.90,3.45,0.00,31.03,10.34,3.45,0.00,3.45,
8.51,0.00,4.26,21.28,2.13,0.00,4.26,6.38,6.38,14.89,4.26,10.64,2.13,6.38,2.13,0.00,2.13,4.26,0.00,0.00,
5.41,0.00,5.41,5.41,0.00,5.41,2.70,5.41,5.41,13.51,5.41,0.00,0.00,10.81,10.81,2.70,8.11,10.81,0.00,2.70,
11.11,11.11,0.00,0.00,0.00,11.11,0.00,0.00,11.11,11.11,0.00,11.11,0.00,0.00,11.11,0.00,0.00,22.22,0.00,0.00,
0.00,0.00,5.26,10.53,5.26,0.00,0.00,10.53,10.53,15.79,0.00,10.53,5.26,5.26,10.53,5.26,0.00,5.26,0.00,0.00,
6.90,0.00,3.45,10.34,3.45,10.34,6.90,3.45,0.00,17.24,3.45,3.45,6.90,0.00,6.90,0.00,6.90,6.90,0.00,3.45,
12.82,0.00,5.13,5.13,5.13,15.38,0.00,10.26,15.38,0.00,2.56,5.13,0.00,0.00,5.13,5.13,0.00,7.69,0.00,5.13,
25.00,0.00,0.00,0.00,0.00,12.50,0.00,12.50,0.00,12.50,0.00,0.00,0.00,12.50,12.50,12.50,0.00,0.00,0.00,0.00,
0.00,0.00,5.88,11.76,0.00,5.88,11.76,5.88,17.65,5.88,0.00,5.88,0.00,0.00,5.88,5.88,0.00,11.76,5.88,0.00,
0.00,0.00,3.45,17.24,3.45,0.00,6.90,10.34,3.45,6.90,0.00,0.00,3.45,6.90,0.00,27.59,3.45,6.90,0.00,0.00,
10.71,0.00,3.57,14.29,3.57,3.57,3.57,7.14,7.14,14.29,0.00,0.00,3.57,3.57,3.57,3.57,7.14,10.71,0.00,0.00,
15.00,5.00,0.00,10.00,0.00,5.00,0.00,0.00,10.00,15.00,5.00,0.00,5.00,0.00,5.00,0.00,0.00,15.00,0.00,10.00,
21.43,0.00,0.00,7.14,0.00,14.29,0.00,7.14,0.00,14.29,0.00,7.14,7.14,7.14,0.00,7.14,0.00,7.14,0.00,0.00,
0.00,0.00,40.00,20.00,0.00,0.00,0.00,0.00,20.00,0.00,0.00,20.00,0.00,0.00,0.00,0.00,0.00,0.00,0.00,0.00,
3.33,0.00,0.00,3.33,16.67,10.00,3.33,10.00,0.00,3.33,0.00,13.33,0.00,6.67,10.00,10.00,3.33,6.67,0.00,0.00,
14.29,14.29,0.00,0.00,0.00,0.00,0.00,0.00,0.00,14.29,14.29,0.00,0.00,0.00,0.00,0.00,42.86,0.00,0.00,0.00,
6.06,3.03,6.06,6.06,0.00,6.06,0.00,6.06,3.03,12.12,12.12,9.09,9.09,0.00,0.00,9.09,0.00,9.09,0.00,3.03,
15.38,2.56,2.56,0.00,12.82,5.13,0.00,10.26,2.56,10.26,0.00,7.69,0.00,0.00,0.00,5.13,15.38,7.69,0.00,2.56,
4.00,4.00,12.00,6.00,6.00,8.00,2.00,6.00,6.00,2.00,6.00,2.00,2.00,2.00,10.00,4.00,2.00,8.00,0.00,8.00,
8.00,0.00,4.00,16.00,4.00,4.00,0.00,16.00,8.00,4.00,8.00,0.00,0.00,8.00,0.00,12.00,0.00,8.00,0.00,0.00,
4.17,0.00,4.17,4.17,0.00,8.33,4.17,4.17,0.00,25.00,0.00,0.00,8.33,12.50,8.33,4.17,8.33,4.17,0.00,0.00,
4.26,0.00,6.38,10.64,2.13,6.38,4.26,10.64,2.13,12.77,2.13,4.26,2.13,2.13,8.51,6.38,4.26,4.26,0.00,6.38,
4.35,6.52,4.35,19.57,6.52,4.35,0.00,2.17,6.52,4.35,2.17,0.00,6.52,2.17,2.17,13.04,8.70,2.17,4.35,0.00,
5.26,0.00,5.26,0.00,5.26,15.79,0.00,15.79,0.00,10.53,0.00,0.00,0.00,0.00,0.00,10.53,5.26,10.53,10.53,5.26,
8.82,0.00,11.76,14.71,5.88,2.94,0.00,2.94,5.88,11.76,0.00,2.94,2.94,8.82,11.76,2.94,0.00,5.88,0.00,0.00,
22.92,2.08,6.25,4.17,2.08,6.25,2.08,2.08,10.42,10.42,4.17,2.08,2.08,2.08,2.08,6.25,0.00,10.42,0.00,2.08,
0.00,0.00,0.00,6.25,6.25,0.00,6.25,6.25,6.25,6.25,0.00,6.25,6.25,6.25,6.25,6.25,18.75,6.25,0.00,6.25,
15.38,0.00,0.00,7.69,7.69,0.00,0.00,0.00,23.08,0.00,0.00,15.38,7.69,0.00,7.69,7.69,7.69,0.00,0.00,0.00,
6.00,8.00,0.00,6.00,2.00,8.00,0.00,2.00,0.00,12.00,10.00,4.00,6.00,0.00,6.00,10.00,6.00,12.00,0.00,2.00,
10.00,0.00,7.50,2.50,2.50,10.00,5.00,2.50,2.50,5.00,2.50,2.50,2.50,0.00,7.50,0.00,17.50,7.50,5.00,7.50,
3.12,0.00,6.25,3.12,12.50,12.50,0.00,9.38,6.25,3.12,0.00,6.25,0.00,6.25,3.12,9.38,0.00,3.12,9.38,6.25,
16.67,0.00,6.67,10.00,3.33,10.00,0.00,3.33,3.33,16.67,0.00,0.00,3.33,6.67,3.33,6.67,3.33,6.67,0.00,0.00,
5.00,0.00,20.00,5.00,5.00,0.00,5.00,5.00,0.00,20.00,0.00,5.00,5.00,0.00,0.00,5.00,10.00,0.00,0.00,10.00,
0.00,0.00,0.00,0.00,0.00,0.00,0.00,0.00,33.33,16.67,16.67,0.00,0.00,0.00,16.67,0.00,16.67,0.00,0.00,0.00,
13.51,0.00,10.81,2.70,0.00,5.41,0.00,2.70,2.70,10.81,2.70,2.70,8.11,2.70,2.70,8.11,10.81,10.81,0.00,2.70,
9.09,0.00,9.09,0.00,0.00,0.00,0.00,4.55,4.55,22.73,0.00,0.00,0.00,9.09,9.09,9.09,0.00,13.64,0.00,9.09,
11.54,0.00,3.85,7.69,3.85,19.23,11.54,0.00,0.00,11.54,3.85,0.00,3.85,0.00,0.00,7.69,0.00,11.54,3.85,0.00,
8.33,0.00,16.67,0.00,8.33,8.33,0.00,0.00,8.33,8.33,0.00,16.67,0.00,0.00,0.00,16.67,0.00,8.33,0.00,0.00,
8.16,6.12,0.00,4.08,4.08,6.12,4.08,10.20,2.04,18.37,0.00,4.08,6.12,10.20,2.04,2.04,2.04,8.16,0.00,2.04,
12.50,12.50,0.00,0.00,6.25,12.50,0.00,0.00,0.00,25.00,6.25,0.00,0.00,0.00,0.00,0.00,6.25,18.75,0.00,0.00,
12.50,0.00,2.50,7.50,0.00,7.50,5.00,2.50,27.50,0.00,2.50,10.00,2.50,5.00,7.50,2.50,2.50,2.50,0.00,0.00,
5.00,15.00,0.00,10.00,0.00,0.00,5.00,5.00,10.00,0.00,5.00,0.00,10.00,5.00,0.00,10.00,5.00,10.00,0.00,5.00,
15.38,3.85,3.85,15.38,3.85,7.69,3.85,7.69,3.85,11.54,0.00,7.69,3.85,0.00,7.69,0.00,0.00,0.00,0.00,3.85,
7.41,0.00,3.70,3.70,0.00,7.41,7.41,0.00,0.00,7.41,0.00,0.00,7.41,0.00,7.41,22.22,18.52,7.41,0.00,0.00,
6.12,2.04,10.20,8.16,2.04,4.08,2.04,8.16,6.12,14.29,4.08,4.08,2.04,4.08,8.16,6.12,2.04,6.12,0.00,0.00,
13.89,0.00,8.33,8.33,19.44,8.33,2.78,8.33,0.00,2.78,2.78,0.00,2.78,2.78,8.33,0.00,0.00,2.78,0.00,8.33,
0.00,0.00,0.00,20.00,0.00,0.00,20.00,0.00,0.00,0.00,0.00,0.00,0.00,0.00,0.00,0.00,20.00,20.00,20.00,0.00,
2.22,0.00,2.22,4.44,4.44,15.56,2.22,11.11,2.22,8.89,0.00,6.67,0.00,4.44,0.00,13.33,8.89,4.44,4.44,4.44,
8.70,0.00,8.70,4.35,4.35,4.35,6.52,17.39,2.17,13.04,4.35,6.52,0.00,0.00,2.17,2.17,2.17,10.87,0.00,2.17,
0.00,0.00,7.32,12.20,0.00,9.76,2.44,14.63,9.76,4.88,4.88,4.88,2.44,2.44,2.44,0.00,4.88,17.07,0.00,0.00,
7.69,0.00,2.56,5.13,2.56,20.51,5.13,2.56,2.56,5.13,0.00,5.13,2.56,2.56,15.38,7.69,2.56,10.26,0.00,0.00,
5.26,0.00,5.26,10.53,0.00,5.26,0.00,5.26,5.26,21.05,0.00,5.26,15.79,5.26,5.26,0.00,0.00,10.53,0.00,0.00,
0.00,0.00,12.50,8.33,4.17,0.00,4.17,4.17,8.33,16.67,0.00,0.00,0.00,8.33,16.67,12.50,0.00,0.00,4.17,0.00,
7.14,2.38,2.38,16.67,0.00,0.00,2.38,0.00,7.14,16.67,2.38,0.00,0.00,11.90,14.29,2.38,2.38,9.52,0.00,2.38,
9.09,0.00,4.55,6.82,0.00,13.64,0.00,4.55,2.27,18.18,2.27,2.27,2.27,4.55,13.64,9.09,0.00,4.55,0.00,2.27,
10.00,5.00,5.00,15.00,0.00,0.00,0.00,5.00,10.00,10.00,0.00,0.00,0.00,5.00,5.00,0.00,10.00,20.00,0.00,0.00,
10.53,0.00,10.53,5.26,10.53,10.53,0.00,0.00,10.53,5.26,5.26,10.53,0.00,5.26,0.00,0.00,5.26,10.53,0.00,0.00,
0.00,0.00,9.09,9.09,0.00,9.09,9.09,9.09,0.00,45.45,0.00,0.00,9.09,0.00,0.00,0.00,0.00,0.00,0.00,0.00,
2.70,0.00,0.00,2.70,0.00,2.70,5.41,2.70,8.11,2.70,0.00,5.41,8.11,2.70,8.11,24.32,8.11,16.22,0.00,0.00,
4.76,2.38,0.00,4.76,4.76,2.38,0.00,7.14,2.38,19.05,2.38,14.29,9.52,0.00,4.76,4.76,11.90,4.76,0.00,0.00,
6.25,0.00,3.12,3.12,6.25,15.62,0.00,0.00,9.38,21.88,3.12,0.00,0.00,0.00,0.00,3.12,6.25,6.25,9.38,6.25,
11.76,0.00,2.94,0.00,0.00,5.88,2.94,2.94,2.94,8.82,8.82,8.82,0.00,0.00,5.88,11.76,2.94,20.59,0.00,2.94,
3.23,0.00,0.00,3.23,3.23,9.68,3.23,9.68,9.68,6.45,0.00,6.45,9.68,3.23,0.00,9.68,12.90,3.23,6.45,0.00,
11.11,0.00,2.78,2.78,5.56,16.67,2.78,2.78,0.00,2.78,2.78,11.11,8.33,5.56,2.78,11.11,5.56,0.00,0.00,5.56,
14.29,0.00,0.00,14.29,7.14,7.14,0.00,7.14,0.00,0.00,7.14,0.00,0.00,7.14,14.29,0.00,7.14,14.29,0.00,0.00,
20.00,0.00,0.00,0.00,0.00,0.00,0.00,0.00,0.00,40.00,0.00,0.00,0.00,0.00,0.00,0.00,0.00,40.00,0.00,0.00,
16.67,0.00,16.67,0.00,16.67,0.00,0.00,0.00,16.67,0.00,0.00,0.00,0.00,0.00,33.33,0.00,0.00,0.00,0.00,0.00,
11.76,0.00,0.00,23.53,5.88,0.00,0.00,0.00,17.65,0.00,0.00,17.65,0.00,0.00,0.00,11.76,0.00,11.76,0.00,0.00,
8.33,2.08,0.00,10.42,4.17,4.17,0.00,2.08,4.17,16.67,2.08,6.25,8.33,6.25,2.08,8.33,0.00,12.50,0.00,2.08,
9.76,2.44,0.00,14.63,0.00,7.32,4.88,12.20,2.44,12.20,0.00,4.88,9.76,2.44,2.44,0.00,2.44,9.76,2.44,0.00,
2.86,0.00,8.57,2.86,5.71,8.57,2.86,5.71,2.86,11.43,0.00,2.86,0.00,2.86,2.86,20.00,11.43,2.86,0.00,5.71,
0.00,0.00,15.22,4.35,2.17,10.87,2.17,6.52,2.17,4.35,2.17,13.04,0.00,4.35,4.35,6.52,6.52,6.52,2.17,6.52,
9.68,0.00,3.23,6.45,6.45,3.23,0.00,0.00,0.00,12.90,0.00,3.23,9.68,12.90,9.68,3.23,9.68,9.68,0.00,0.00,
8.16,0.00,4.08,6.12,8.16,14.29,0.00,0.00,4.08,8.16,2.04,4.08,10.20,6.12,12.24,8.16,0.00,4.08,0.00,0.00,
0.00,0.00,0.00,0.00,0.00,20.00,0.00,0.00,0.00,40.00,0.00,0.00,0.00,20.00,0.00,20.00,0.00,0.00,0.00,0.00,
12.50,12.50,6.25,6.25,12.50,0.00,6.25,0.00,0.00,6.25,12.50,0.00,6.25,0.00,6.25,0.00,6.25,0.00,0.00,6.25,
8.70,0.00,8.70,8.70,0.00,8.70,0.00,13.04,0.00,4.35,0.00,0.00,0.00,4.35,8.70,17.39,4.35,4.35,0.00,8.70,
5.26,0.00,10.53,5.26,5.26,5.26,5.26,10.53,10.53,5.26,5.26,15.79,0.00,0.00,0.00,10.53,0.00,0.00,5.26,0.00,
0.00,9.09,9.09,27.27,9.09,0.00,0.00,0.00,0.00,18.18,9.09,0.00,0.00,9.09,0.00,9.09,0.00,0.00,0.00,0.00,
14.00,2.00,10.00,8.00,2.00,8.00,0.00,10.00,4.00,4.00,0.00,4.00,6.00,4.00,0.00,6.00,2.00,14.00,2.00,0.00,
4.17,0.00,8.33,0.00,0.00,8.33,4.17,16.67,0.00,8.33,8.33,4.17,0.00,4.17,0.00,4.17,8.33,8.33,0.00,12.50,
6.25,3.12,6.25,0.00,6.25,3.12,6.25,9.38,3.12,9.38,6.25,0.00,15.62,6.25,0.00,6.25,3.12,6.25,3.12,0.00,
7.14,0.00,0.00,7.14,4.76,19.05,2.38,2.38,4.76,9.52,2.38,0.00,4.76,4.76,0.00,7.14,11.90,11.90,0.00,0.00,
0.00,0.00,6.25,0.00,0.00,0.00,0.00,12.50,18.75,6.25,12.50,12.50,6.25,0.00,0.00,6.25,0.00,18.75,0.00,0.00,
5.13,0.00,10.26,2.56,5.13,20.51,0.00,5.13,2.56,2.56,2.56,5.13,5.13,0.00,12.82,5.13,2.56,7.69,0.00,5.13,
19.05,0.00,4.76,9.52,0.00,4.76,0.00,0.00,0.00,14.29,4.76,2.38,2.38,7.14,4.76,9.52,2.38,9.52,4.76,0.00,
6.82,0.00,6.82,4.55,2.27,18.18,0.00,2.27,2.27,6.82,2.27,4.55,6.82,2.27,11.36,15.91,2.27,0.00,4.55,0.00,
11.36,0.00,4.55,11.36,4.55,6.82,2.27,4.55,13.64,6.82,0.00,6.82,4.55,0.00,6.82,4.55,2.27,9.09,0.00,0.00,
0.00,0.00,22.22,22.22,0.00,0.00,0.00,0.00,11.11,0.00,0.00,0.00,0.00,11.11,0.00,0.00,11.11,0.00,11.11,11.11,
6.38,2.13,0.00,2.13,2.13,2.13,2.13,6.38,0.00,10.64,6.38,0.00,8.51,2.13,12.77,14.89,8.51,8.51,0.00,4.26,
14.89,0.00,4.26,2.13,4.26,8.51,2.13,2.13,2.13,4.26,2.13,2.13,12.77,4.26,10.64,14.89,6.38,2.13,0.00,0.00,
0.00,0.00,11.11,11.11,0.00,0.00,11.11,11.11,22.22,11.11,0.00,0.00,0.00,11.11,0.00,11.11,0.00,0.00,0.00,0.00,
0.00,0.00,0.00,20.00,0.00,0.00,20.00,0.00,0.00,0.00,0.00,0.00,20.00,20.00,0.00,0.00,20.00,0.00,0.00,0.00,
16.13,0.00,0.00,0.00,3.23,0.00,6.45,6.45,0.00,6.45,3.23,6.45,6.45,6.45,3.23,6.45,6.45,12.90,0.00,9.68,
2.27,9.09,2.27,6.82,0.00,4.55,2.27,9.09,9.09,0.00,2.27,2.27,9.09,4.55,4.55,4.55,11.36,9.09,0.00,6.82,
0.00,0.00,0.00,7.14,0.00,35.71,0.00,7.14,7.14,0.00,0.00,7.14,0.00,7.14,7.14,7.14,0.00,7.14,0.00,7.14,
12.20,0.00,4.88,9.76,2.44,7.32,7.32,0.00,4.88,12.20,0.00,4.88,0.00,2.44,4.88,9.76,2.44,12.20,0.00,2.44,
13.04,0.00,13.04,4.35,0.00,0.00,0.00,4.35,4.35,13.04,0.00,0.00,0.00,21.74,4.35,4.35,4.35,8.70,0.00,4.35,
8.33,0.00,8.33,16.67,0.00,0.00,0.00,8.33,0.00,25.00,0.00,0.00,0.00,8.33,16.67,0.00,0.00,0.00,0.00,8.33,
3.23,3.23,0.00,6.45,9.68,3.23,3.23,6.45,9.68,12.90,0.00,12.90,0.00,3.23,3.23,3.23,3.23,0.00,3.23,12.90,
0.00,0.00,0.00,8.70,0.00,0.00,0.00,13.04,13.04,8.70,0.00,13.04,13.04,0.00,8.70,13.04,0.00,4.35,0.00,4.35,
4.55,0.00,11.36,13.64,6.82,4.55,4.55,2.27,9.09,13.64,4.55,0.00,0.00,6.82,0.00,2.27,4.55,6.82,2.27,2.27,
10.64,0.00,6.38,4.26,6.38,4.26,0.00,8.51,8.51,8.51,0.00,2.13,2.13,8.51,2.13,6.38,8.51,10.64,0.00,2.13,
0.00,0.00,7.41,7.41,7.41,11.11,3.70,7.41,3.70,7.41,0.00,3.70,7.41,3.70,7.41,3.70,7.41,11.11,0.00,0.00,
6.90,3.45,13.79,10.34,10.34,10.34,3.45,0.00,3.45,17.24,0.00,6.90,3.45,0.00,3.45,0.00,0.00,3.45,3.45,0.00,
8.70,2.17,6.52,2.17,8.70,2.17,0.00,4.35,6.52,10.87,0.00,10.87,8.70,4.35,8.70,6.52,2.17,2.17,0.00,4.35,
4.55,0.00,6.82,9.09,6.82,9.09,2.27,11.36,4.55,0.00,0.00,2.27,2.27,6.82,9.09,2.27,15.91,4.55,2.27,0.00,
11.90,0.00,11.90,2.38,2.38,4.76,0.00,2.38,19.05,9.52,2.38,2.38,0.00,2.38,9.52,2.38,7.14,9.52,0.00,0.00,
6.38,2.13,10.64,2.13,2.13,6.38,6.38,2.13,4.26,12.77,2.13,2.13,6.38,4.26,2.13,6.38,4.26,14.89,0.00,2.13,
0.00,0.00,40.00,0.00,0.00,0.00,0.00,0.00,20.00,0.00,0.00,0.00,0.00,20.00,0.00,0.00,0.00,20.00,0.00,0.00,
16.67,2.08,2.08,0.00,2.08,12.50,2.08,2.08,4.17,10.42,0.00,2.08,16.67,4.17,10.42,10.42,0.00,2.08,0.00,0.00,
16.67,0.00,0.00,0.00,0.00,16.67,0.00,0.00,0.00,16.67,0.00,0.00,0.00,16.67,0.00,0.00,16.67,16.67,0.00,0.00,
6.38,4.26,4.26,12.77,0.00,2.13,2.13,6.38,17.02,6.38,0.00,4.26,0.00,6.38,4.26,6.38,8.51,4.26,0.00,4.26,
8.33,2.08,8.33,8.33,2.08,8.33,2.08,6.25,8.33,6.25,4.17,0.00,4.17,2.08,8.33,2.08,4.17,10.42,2.08,2.08,
17.65,0.00,0.00,0.00,11.76,0.00,5.88,11.76,0.00,5.88,11.76,0.00,0.00,11.76,0.00,5.88,5.88,5.88,0.00,5.88,
0.00,5.26,10.53,5.26,0.00,5.26,0.00,5.26,0.00,10.53,0.00,10.53,0.00,10.53,0.00,5.26,10.53,15.79,0.00,5.26,
8.33,2.08,10.42,8.33,0.00,2.08,4.17,8.33,6.25,8.33,4.17,4.17,2.08,6.25,6.25,4.17,4.17,6.25,0.00,4.17,
4.55,4.55,4.55,4.55,9.09,0.00,4.55,4.55,4.55,0.00,4.55,4.55,4.55,4.55,4.55,4.55,9.09,0.00,9.09,13.64,
0.00,0.00,6.25,3.12,0.00,15.62,9.38,12.50,6.25,9.38,0.00,6.25,0.00,9.38,0.00,6.25,9.38,6.25,0.00,0.00,
2.86,5.71,2.86,0.00,2.86,20.00,2.86,8.57,2.86,5.71,0.00,5.71,8.57,8.57,0.00,8.57,2.86,2.86,0.00,8.57,
20.00,0.00,0.00,0.00,0.00,20.00,0.00,20.00,0.00,0.00,0.00,20.00,0.00,0.00,0.00,0.00,0.00,0.00,0.00,20.00,
8.57,0.00,2.86,5.71,0.00,8.57,2.86,0.00,17.14,11.43,2.86,5.71,2.86,0.00,17.14,2.86,0.00,8.57,0.00,2.86,
30.00,0.00,10.00,0.00,10.00,0.00,0.00,10.00,10.00,10.00,0.00,0.00,0.00,0.00,20.00,0.00,0.00,0.00,0.00,0.00,
0.00,0.00,5.00,5.00,5.00,0.00,5.00,5.00,5.00,20.00,5.00,5.00,5.00,5.00,5.00,15.00,5.00,5.00,0.00,0.00,
7.14,0.00,14.29,7.14,0.00,7.14,0.00,7.14,7.14,14.29,0.00,0.00,0.00,7.14,7.14,0.00,7.14,14.29,0.00,0.00,
0.00,0.00,0.00,0.00,12.50,25.00,12.50,12.50,0.00,25.00,0.00,0.00,12.50,0.00,0.00,0.00,0.00,0.00,0.00,0.00,
4.00,0.00,8.00,0.00,0.00,20.00,0.00,12.00,0.00,4.00,4.00,0.00,4.00,8.00,4.00,16.00,4.00,8.00,0.00,4.00,
14.29,0.00,2.86,2.86,8.57,17.14,0.00,0.00,8.57,2.86,2.86,2.86,5.71,5.71,2.86,0.00,2.86,11.43,0.00,8.57,
0.00,6.25,0.00,6.25,12.50,0.00,6.25,6.25,0.00,6.25,0.00,6.25,12.50,6.25,6.25,12.50,0.00,6.25,0.00,6.25,
6.38,2.13,0.00,4.26,6.38,2.13,2.13,10.64,8.51,23.40,0.00,4.26,4.26,2.13,2.13,6.38,4.26,6.38,0.00,4.26,
3.57,3.57,14.29,0.00,3.57,7.14,7.14,14.29,10.71,14.29,0.00,3.57,0.00,0.00,3.57,7.14,0.00,3.57,0.00,3.57,
9.76,0.00,4.88,2.44,7.32,4.88,0.00,0.00,0.00,12.20,7.32,2.44,4.88,0.00,14.63,9.76,2.44,14.63,2.44,0.00,
18.18,0.00,9.09,18.18,0.00,9.09,0.00,0.00,9.09,0.00,0.00,0.00,0.00,0.00,9.09,9.09,0.00,18.18,0.00,0.00,
8.00,4.00,0.00,4.00,12.00,6.00,4.00,2.00,0.00,18.00,2.00,2.00,0.00,6.00,4.00,8.00,0.00,14.00,2.00,4.00,
0.00,0.00,7.14,7.14,7.14,7.14,7.14,7.14,0.00,14.29,7.14,0.00,7.14,0.00,7.14,0.00,7.14,14.29,0.00,0.00,
2.04,0.00,8.16,6.12,0.00,14.29,6.12,4.08,0.00,6.12,0.00,0.00,12.24,6.12,6.12,2.04,8.16,12.24,2.04,4.08,
12.90,3.23,3.23,9.68,3.23,3.23,0.00,9.68,0.00,12.90,0.00,0.00,6.45,3.23,6.45,9.68,3.23,3.23,3.23,6.45,
11.76,0.00,5.88,0.00,5.88,11.76,0.00,5.88,11.76,5.88,0.00,0.00,0.00,0.00,0.00,0.00,23.53,5.88,0.00,11.76,
8.57,0.00,0.00,8.57,0.00,0.00,0.00,8.57,0.00,17.14,0.00,0.00,5.71,5.71,8.57,5.71,11.43,2.86,5.71,11.43,
4.55,9.09,4.55,13.64,4.55,4.55,0.00,0.00,0.00,9.09,0.00,4.55,13.64,22.73,4.55,0.00,0.00,0.00,0.00,4.55,
6.25,0.00,0.00,18.75,6.25,6.25,6.25,6.25,0.00,12.50,0.00,0.00,6.25,6.25,0.00,6.25,6.25,12.50,0.00,0.00,
0.00,0.00,8.33,8.33,0.00,0.00,0.00,16.67,8.33,0.00,0.00,16.67,16.67,0.00,8.33,0.00,0.00,16.67,0.00,0.00,
8.16,4.08,4.08,8.16,2.04,4.08,0.00,8.16,4.08,12.24,4.08,4.08,8.16,4.08,6.12,8.16,2.04,4.08,0.00,4.08,
10.53,5.26,15.79,0.00,0.00,5.26,15.79,0.00,0.00,21.05,0.00,5.26,10.53,0.00,0.00,5.26,5.26,0.00,0.00,0.00,
0.00,0.00,14.29,0.00,0.00,14.29,0.00,14.29,0.00,7.14,7.14,0.00,7.14,0.00,7.14,14.29,7.14,7.14,0.00,0.00,
7.69,0.00,15.38,0.00,0.00,7.69,0.00,15.38,0.00,0.00,0.00,15.38,0.00,15.38,0.00,0.00,15.38,0.00,0.00,7.69,
8.00,0.00,2.00,8.00,6.00,14.00,0.00,4.00,4.00,6.00,2.00,6.00,8.00,4.00,0.00,12.00,6.00,2.00,8.00,0.00,
0.00,0.00,7.14,14.29,0.00,7.14,0.00,7.14,0.00,7.14,7.14,7.14,0.00,0.00,7.14,14.29,0.00,7.14,0.00,14.29,
7.69,2.56,2.56,5.13,5.13,12.82,0.00,7.69,7.69,17.95,10.26,2.56,2.56,2.56,2.56,5.13,0.00,5.13,0.00,0.00,
13.33,0.00,6.67,13.33,0.00,6.67,0.00,0.00,6.67,13.33,6.67,6.67,0.00,6.67,0.00,0.00,6.67,13.33,0.00,0.00,
0.00,0.00,0.00,22.22,0.00,0.00,11.11,11.11,0.00,0.00,0.00,0.00,0.00,22.22,11.11,11.11,0.00,11.11,0.00,0.00,
0.00,0.00,0.00,0.00,20.00,0.00,0.00,0.00,0.00,0.00,0.00,0.00,20.00,0.00,0.00,40.00,0.00,20.00,0.00,0.00,
8.00,0.00,4.00,4.00,2.00,6.00,4.00,4.00,10.00,4.00,4.00,4.00,8.00,24.00,4.00,2.00,0.00,2.00,0.00,6.00,
11.54,3.85,11.54,11.54,0.00,7.69,0.00,0.00,7.69,3.85,3.85,3.85,0.00,0.00,3.85,3.85,7.69,11.54,7.69,0.00,
11.11,2.78,2.78,5.56,2.78,2.78,0.00,5.56,13.89,8.33,5.56,8.33,0.00,8.33,16.67,2.78,0.00,2.78,0.00,0.00,
4.76,2.38,4.76,4.76,7.14,2.38,0.00,16.67,11.90,7.14,2.38,4.76,0.00,4.76,2.38,7.14,4.76,7.14,0.00,4.76,
6.52,0.00,10.87,8.70,2.17,2.17,2.17,15.22,13.04,6.52,0.00,2.17,4.35,2.17,4.35,8.70,0.00,2.17,2.17,6.52,
3.85,0.00,3.85,7.69,3.85,3.85,0.00,11.54,19.23,3.85,0.00,0.00,0.00,0.00,11.54,3.85,11.54,7.69,0.00,7.69,
8.70,4.35,4.35,0.00,4.35,0.00,13.04,0.00,13.04,13.04,0.00,0.00,8.70,4.35,4.35,8.70,0.00,8.70,4.35,0.00,
5.13,0.00,15.38,7.69,2.56,2.56,0.00,10.26,5.13,10.26,0.00,2.56,0.00,12.82,15.38,0.00,2.56,5.13,0.00,2.56,
13.16,2.63,5.26,2.63,0.00,7.89,2.63,10.53,10.53,10.53,0.00,0.00,0.00,7.89,0.00,13.16,5.26,2.63,0.00,5.26,
5.88,0.00,8.82,2.94,8.82,5.88,5.88,8.82,0.00,8.82,0.00,0.00,2.94,0.00,8.82,5.88,5.88,11.76,2.94,5.88,
3.85,0.00,23.08,7.69,0.00,3.85,0.00,3.85,7.69,11.54,0.00,0.00,0.00,0.00,3.85,7.69,11.54,7.69,0.00,7.69,
0.00,0.00,0.00,0.00,12.50,0.00,6.25,6.25,6.25,18.75,0.00,0.00,6.25,12.50,18.75,6.25,6.25,0.00,0.00,0.00,
0.00,0.00,13.89,2.78,0.00,16.67,0.00,0.00,5.56,0.00,5.56,2.78,0.00,16.67,19.44,5.56,0.00,0.00,0.00,11.11,
16.67,0.00,5.56,2.78,2.78,8.33,2.78,2.78,0.00,22.22,2.78,5.56,2.78,8.33,5.56,5.56,0.00,2.78,2.78,0.00,
0.00,0.00,0.00,0.00,0.00,10.00,0.00,0.00,0.00,10.00,10.00,0.00,10.00,10.00,20.00,0.00,20.00,10.00,0.00,0.00,
6.82,0.00,9.09,9.09,6.82,6.82,2.27,4.55,4.55,2.27,0.00,0.00,4.55,4.55,4.55,2.27,18.18,2.27,4.55,6.82,
8.33,0.00,4.17,16.67,8.33,4.17,0.00,16.67,0.00,4.17,0.00,12.50,0.00,0.00,4.17,4.17,0.00,12.50,4.17,0.00,
18.75,0.00,3.12,9.38,6.25,3.12,3.12,0.00,0.00,18.75,0.00,6.25,9.38,6.25,9.38,3.12,0.00,0.00,3.12,0.00,
2.78,0.00,8.33,2.78,2.78,8.33,0.00,2.78,5.56,11.11,2.78,2.78,2.78,11.11,5.56,8.33,0.00,5.56,11.11,5.56,
