A,C,D,E,F,G,H,I,K,L,M,N,P,Q,R,S,T,V,W,Y,
13.33,0.00,0.00,3.33,0.00,13.33,0.00,10.00,13.33,13.33,3.33,3.33,3.33,6.67,0.00,10.00,3.33,0.00,3.33,0.00,
7.41,0.00,3.70,0.00,3.70,3.70,3.70,0.00,7.41,11.11,3.70,7.41,0.00,3.70,0.00,7.41,0.00,3.70,29.63,3.70,
33.33,0.00,0.00,9.09,0.00,12.12,0.00,3.03,18.18,6.06,0.00,0.00,0.00,0.00,0.00,6.06,0.00,9.09,3.03,0.00,
5.88,0.00,0.00,0.00,17.65,0.00,5.88,5.88,41.18,11.76,0.00,0.00,5.88,0.00,0.00,0.00,0.00,0.00,5.88,0.00,
11.76,0.00,0.00,0.00,5.88,23.53,0.00,0.00,5.88,29.41,0.00,5.88,0.00,0.00,5.88,5.88,0.00,5.88,0.00,0.00,
0.00,0.00,0.00,0.00,0.00,5.56,0.00,50.00,44.44,0.00,0.00,0.00,0.00,0.00,0.00,0.00,0.00,0.00,0.00,0.00,
3.12,0.00,6.25,3.12,3.12,6.25,21.88,0.00,12.50,3.12,0.00,6.25,0.00,0.00,12.50,9.38,0.00,0.00,0.00,12.50,
6.67,0.00,6.67,0.00,6.67,6.67,6.67,26.67,13.33,0.00,0.00,0.00,0.00,0.00,0.00,13.33,0.00,13.33,0.00,0.00,
6.98,4.65,2.33,2.33,0.00,11.63,2.33,6.98,9.30,2.33,0.00,9.30,4.65,4.65,4.65,2.33,2.33,6.98,9.30,6.98,
6.67,13.33,3.33,3.33,3.33,6.67,3.33,0.00,3.33,6.67,3.33,10.00,0.00,0.00,0.00,10.00,13.33,0.00,10.00,3.33,
30.77,0.00,0.00,0.00,0.00,0.00,0.00,0.00,30.77,30.77,0.00,0.00,0.00,0.00,0.00,0.00,0.00,0.00,0.00,7.69,
5.41,16.22,2.70,0.00,2.70,18.92,8.11,2.70,2.70,2.70,0.00,2.70,8.11,0.00,13.51,2.70,2.70,0.00,0.00,8.11,
3.45,0.00,0.00,27.59,6.90,10.34,0.00,0.00,6.90,3.45,6.90,0.00,13.79,0.00,3.45,10.34,0.00,0.00,0.00,6.90,
8.33,0.00,0.00,4.17,4.17,12.50,8.33,8.33,8.33,12.50,0.00,0.00,8.33,0.00,0.00,4.17,0.00,20.83,0.00,0.00,
12.50,0.00,6.25,0.00,6.25,18.75,0.00,12.50,6.25,12.50,0.00,0.00,0.00,0.00,0.00,6.25,0.00,18.75,0.00,0.00,
0.00,0.00,0.00,0.00,6.25,0.00,0.00,12.50,25.00,0.00,6.25,6.25,0.00,12.50,18.75,0.00,0.00,0.00,12.50,0.00,
20.83,8.33,0.00,4.17,8.33,4.17,0.00,16.67,16.67,4.17,0.00,0.00,4.17,0.00,0.00,4.17,0.00,8.33,0.00,0.00,
33.33,0.00,0.00,0.00,4.76,0.00,0.00,0.00,38.10,23.81,0.00,0.00,0.00,0.00,0.00,0.00,0.00,0.00,0.00,0.00,
9.09,0.00,0.00,0.00,18.18,9.09,0.00,0.00,18.18,18.18,0.00,0.00,0.00,0.00,0.00,9.09,0.00,0.00,18.18,0.00,
12.50,8.33,0.00,0.00,16.67,4.17,0.00,8.33,12.50,16.67,0.00,4.17,8.33,0.00,4.17,0.00,4.17,0.00,0.00,0.00,
0.00,0.00,0.00,0.00,14.29,0.00,0.00,14.29,0.00,28.57,0.00,0.00,0.00,14.29,14.29,0.00,0.00,0.00,14.29,0.00,
25.00,0.00,0.00,0.00,8.33,0.00,0.00,0.00,33.33,33.33,0.00,0.00,0.00,0.00,0.00,0.00,0.00,0.00,0.00,0.00,
12.00,8.00,0.00,0.00,4.00,8.00,0.00,0.00,20.00,16.00,0.00,8.00,0.00,8.00,0.00,12.00,0.00,4.00,0.00,0.00,
5.00,0.00,0.00,0.00,15.00,10.00,5.00,10.00,35.00,15.00,0.00,0.00,0.00,0.00,0.00,0.00,0.00,0.00,5.00,0.00,
12.00,0.00,0.00,4.00,4.00,8.00,8.00,4.00,8.00,16.00,0.00,0.00,8.00,0.00,0.00,4.00,0.00,24.00,0.00,0.00,
31.58,0.00,0.00,0.00,0.00,0.00,0.00,0.00,31.58,31.58,0.00,0.00,0.00,0.00,0.00,0.00,0.00,5.26,0.00,0.00,
12.12,0.00,0.00,6.06,9.09,6.06,6.06,0.00,6.06,6.06,0.00,6.06,6.06,6.06,0.00,3.03,6.06,15.15,3.03,3.03,
10.00,10.00,0.00,0.00,5.00,10.00,0.00,15.00,15.00,10.00,5.00,0.00,5.00,0.00,0.00,0.00,5.00,10.00,0.00,0.00,
3.33,20.00,0.00,3.33,3.33,23.33,0.00,0.00,3.33,0.00,3.33,0.00,6.67,6.67,10.00,6.67,0.00,3.33,0.00,6.67,
26.67,0.00,0.00,0.00,6.67,0.00,0.00,0.00,33.33,33.33,0.00,0.00,0.00,0.00,0.00,0.00,0.00,0.00,0.00,0.00,
21.43,0.00,0.00,3.57,3.57,3.57,7.14,7.14,10.71,7.14,3.57,3.57,0.00,3.57,0.00,14.29,3.57,3.57,0.00,3.57,
6.25,0.00,6.25,0.00,6.25,18.75,0.00,18.75,12.50,12.50,0.00,0.00,0.00,0.00,0.00,6.25,0.00,12.50,0.00,0.00,
20.00,0.00,0.00,0.00,6.67,0.00,0.00,0.00,46.67,26.67,0.00,0.00,0.00,0.00,0.00,0.00,0.00,0.00,0.00,0.00,
43.33,0.00,0.00,3.33,0.00,3.33,0.00,0.00,23.33,0.00,0.00,0.00,20.00,0.00,0.00,3.33,0.00,3.33,0.00,0.00,
0.00,0.00,0.00,7.69,0.00,0.00,7.69,7.69,15.38,30.77,0.00,0.00,0.00,0.00,7.69,0.00,0.00,15.38,0.00,7.69,
4.08,12.24,4.08,6.12,2.04,6.12,0.00,4.08,8.16,8.16,0.00,4.08,4.08,2.04,16.33,4.08,6.12,0.00,2.04,6.12,
0.00,20.00,10.00,0.00,3.33,10.00,0.00,3.33,3.33,6.67,0.00,6.67,3.33,0.00,0.00,13.33,3.33,6.67,0.00,3.33,
10.00,0.00,0.00,0.00,15.00,10.00,5.00,10.00,30.00,15.00,0.00,0.00,0.00,0.00,0.00,0.00,0.00,0.00,5.00,0.00,
4.35,0.00,0.00,0.00,4.35,8.70,0.00,13.04,21.74,13.04,4.35,0.00,0.00,0.00,17.39,0.00,8.70,4.35,0.00,0.00,
6.25,0.00,6.25,0.00,6.25,6.25,0.00,12.50,25.00,12.50,0.00,0.00,0.00,0.00,0.00,6.25,0.00,18.75,0.00,0.00,
6.45,6.45,6.45,3.23,6.45,12.90,0.00,9.68,16.13,12.90,0.00,6.45,6.45,0.00,0.00,0.00,3.23,3.23,0.00,0.00,
13.16,0.00,5.26,0.00,2.63,13.16,0.00,10.53,5.26,7.89,2.63,0.00,5.26,5.26,18.42,0.00,0.00,7.89,2.63,0.00,
8.33,0.00,8.33,0.00,16.67,0.00,0.00,8.33,16.67,8.33,0.00,0.00,0.00,0.00,8.33,0.00,8.33,8.33,0.00,8.33,
0.00,8.33,0.00,0.00,8.33,0.00,0.00,0.00,25.00,0.00,8.33,0.00,0.00,8.33,25.00,0.00,0.00,0.00,16.67,0.00,
15.38,0.00,0.00,0.00,15.38,7.69,0.00,15.38,0.00,23.08,0.00,0.00,7.69,7.69,0.00,7.69,0.00,0.00,0.00,0.00,
0.00,0.00,0.00,0.00,15.38,0.00,7.69,7.69,38.46,15.38,0.00,0.00,7.69,0.00,0.00,0.00,0.00,0.00,7.69,0.00,
0.00,0.00,0.00,0.00,0.00,6.67,0.00,20.00,33.33,6.67,0.00,6.67,0.00,0.00,0.00,0.00,0.00,20.00,6.67,0.00,
23.08,0.00,0.00,0.00,7.69,0.00,0.00,0.00,30.77,38.46,0.00,0.00,0.00,0.00,0.00,0.00,0.00,0.00,0.00,0.00,
0.00,0.00,0.00,0.00,7.69,7.69,0.00,15.38,7.69,38.46,0.00,7.69,7.69,0.00,0.00,0.00,7.69,0.00,0.00,0.00,
20.00,0.00,0.00,3.33,0.00,16.67,0.00,3.33,20.00,16.67,3.33,3.33,0.00,0.00,0.00,3.33,0.00,6.67,3.33,0.00,
6.25,0.00,6.25,0.00,6.25,12.50,0.00,12.50,18.75,12.50,0.00,0.00,0.00,0.00,0.00,6.25,0.00,18.75,0.00,0.00,
7.50,15.00,2.50,0.00,2.50,17.50,5.00,5.00,2.50,7.50,0.00,5.00,0.00,2.50,7.50,5.00,5.00,7.50,0.00,2.50,
3.45,20.69,0.00,3.45,3.45,10.34,0.00,3.45,0.00,10.34,0.00,3.45,0.00,0.00,20.69,13.79,3.45,0.00,0.00,3.45,
21.74,0.00,0.00,0.00,4.35,0.00,0.00,0.00,47.83,26.09,0.00,0.00,0.00,0.00,0.00,0.00,0.00,0.00,0.00,0.00,
26.09,0.00,0.00,0.00,0.00,0.00,0.00,0.00,39.13,30.43,0.00,0.00,0.00,0.00,0.00,0.00,0.00,4.35,0.00,0.00,
0.00,15.79,2.63,0.00,2.63,15.79,5.26,2.63,2.63,7.89,2.63,0.00,5.26,7.89,7.89,5.26,10.53,0.00,0.00,5.26,
7.69,0.00,0.00,0.00,23.08,7.69,0.00,0.00,0.00,38.46,0.00,0.00,7.69,0.00,0.00,15.38,0.00,0.00,0.00,0.00,
16.67,8.33,0.00,0.00,12.50,4.17,0.00,12.50,12.50,16.67,0.00,4.17,8.33,0.00,0.00,0.00,4.17,0.00,0.00,0.00,
15.00,15.00,5.00,0.00,2.50,12.50,2.50,2.50,5.00,5.00,0.00,7.50,0.00,0.00,10.00,5.00,2.50,7.50,0.00,2.50,
0.00,20.00,0.00,3.33,3.33,10.00,0.00,13.33,3.33,0.00,0.00,3.33,6.67,0.00,3.33,20.00,0.00,10.00,0.00,3.33,
0.00,20.69,0.00,3.45,0.00,17.24,0.00,3.45,0.00,3.45,0.00,6.90,10.34,0.00,3.45,6.90,13.79,6.90,3.45,0.00,
0.00,0.00,3.03,0.00,3.03,9.09,0.00,3.03,30.30,36.36,0.00,3.03,0.00,3.03,9.09,0.00,0.00,0.00,0.00,0.00,
4.26,17.02,4.26,2.13,0.00,4.26,0.00,8.51,10.64,2.13,0.00,6.38,6.38,0.00,8.51,8.51,8.51,2.13,2.13,4.26,
5.88,0.00,0.00,0.00,17.65,0.00,5.88,5.88,35.29,17.65,0.00,0.00,5.88,0.00,0.00,0.00,0.00,0.00,5.88,0.00,
0.00,0.00,0.00,0.00,7.69,7.69,0.00,7.69,0.00,38.46,0.00,7.69,7.69,0.00,0.00,7.69,7.69,7.69,0.00,0.00,
10.00,25.00,0.00,0.00,0.00,30.00,0.00,0.00,0.00,0.00,0.00,0.00,0.00,0.00,0.00,0.00,35.00,0.00,0.00,0.00,
8.00,0.00,0.00,4.00,0.00,8.00,8.00,4.00,8.00,20.00,0.00,0.00,8.00,0.00,0.00,8.00,0.00,24.00,0.00,0.00,
27.27,0.00,9.09,0.00,9.09,9.09,0.00,0.00,0.00,0.00,0.00,9.09,9.09,0.00,0.00,0.00,0.00,18.18,0.00,9.09,
0.00,0.00,0.00,0.00,0.00,15.79,0.00,0.00,36.84,47.37,0.00,0.00,0.00,0.00,0.00,0.00,0.00,0.00,0.00,0.00,
10.34,20.69,0.00,3.45,0.00,6.90,0.00,13.79,6.90,0.00,0.00,3.45,6.90,0.00,3.45,10.34,0.00,6.90,3.45,3.45,
12.50,15.00,2.50,0.00,0.00,15.00,5.00,2.50,2.50,10.00,0.00,7.50,0.00,0.00,10.00,5.00,5.00,5.00,0.00,2.50,
0.00,0.00,0.00,0.00,7.69,15.38,0.00,15.38,7.69,30.77,0.00,0.00,7.69,0.00,0.00,7.69,0.00,7.69,0.00,0.00,
16.67,0.00,8.33,8.33,0.00,0.00,0.00,25.00,8.33,8.33,0.00,16.67,0.00,0.00,0.00,0.00,8.33,0.00,0.00,0.00,
3.57,0.00,0.00,0.00,0.00,17.86,0.00,21.43,10.71,10.71,0.00,0.00,7.14,0.00,14.29,3.57,0.00,3.57,3.57,3.57,
0.00,0.00,0.00,0.00,8.33,8.33,8.33,8.33,25.00,25.00,8.33,0.00,0.00,0.00,0.00,8.33,0.00,0.00,0.00,0.00,
15.38,0.00,0.00,0.00,15.38,15.38,0.00,23.08,7.69,15.38,0.00,0.00,0.00,0.00,0.00,7.69,0.00,0.00,0.00,0.00,
5.26,15.79,0.00,0.00,2.63,18.42,5.26,7.89,5.26,2.63,0.00,5.26,2.63,5.26,10.53,2.63,5.26,0.00,0.00,5.26,
0.00,0.00,0.00,0.00,11.76,0.00,0.00,23.53,29.41,11.76,0.00,11.76,0.00,0.00,0.00,5.88,0.00,5.88,0.00,0.00,
17.65,0.00,5.88,0.00,5.88,11.76,5.88,0.00,11.76,0.00,0.00,0.00,5.88,5.88,5.88,23.53,0.00,0.00,0.00,0.00,
0.00,0.00,0.00,0.00,0.00,16.67,8.33,16.67,8.33,16.67,8.33,0.00,0.00,0.00,8.33,8.33,0.00,0.00,8.33,0.00,
33.33,0.00,0.00,0.00,0.00,5.56,0.00,0.00,16.67,5.56,5.56,0.00,5.56,0.00,16.67,0.00,0.00,0.00,11.11,0.00,
6.25,0.00,0.00,0.00,12.50,0.00,6.25,6.25,37.50,18.75,0.00,0.00,6.25,0.00,0.00,0.00,0.00,0.00,6.25,0.00,
13.33,0.00,6.67,0.00,6.67,13.33,6.67,26.67,13.33,0.00,0.00,0.00,0.00,0.00,0.00,6.67,0.00,6.67,0.00,0.00,
5.88,0.00,8.82,11.76,5.88,5.88,0.00,0.00,26.47,17.65,0.00,0.00,0.00,2.94,0.00,2.94,5.88,2.94,0.00,2.94,
0.00,0.00,0.00,0.00,10.26,7.69,5.13,2.56,5.13,2.56,0.00,7.69,33.33,5.13,2.56,5.13,0.00,2.56,2.56,7.69,
0.00,0.00,0.00,0.00,13.64,13.64,18.18,13.64,4.55,4.55,0.00,0.00,0.00,0.00,9.09,0.00,9.09,13.64,0.00,0.00,
12.50,0.00,0.00,8.33,8.33,4.17,4.17,8.33,29.17,8.33,4.17,0.00,0.00,0.00,4.17,4.17,0.00,0.00,4.17,0.00,
14.29,0.00,0.00,0.00,14.29,14.29,0.00,21.43,0.00,14.29,0.00,0.00,7.14,0.00,0.00,14.29,0.00,0.00,0.00,0.00,
27.78,0.00,0.00,0.00,5.56,0.00,0.00,0.00,22.22,5.56,5.56,0.00,5.56,0.00,16.67,0.00,0.00,0.00,11.11,0.00,
2.27,18.18,4.55,9.09,0.00,11.36,2.27,0.00,6.82,4.55,0.00,2.27,4.55,0.00,9.09,11.36,2.27,4.55,4.55,2.27,
30.43,0.00,0.00,0.00,4.35,0.00,0.00,0.00,39.13,26.09,0.00,0.00,0.00,0.00,0.00,0.00,0.00,0.00,0.00,0.00,
13.79,6.90,6.90,0.00,3.45,3.45,0.00,6.90,17.24,6.90,3.45,10.34,0.00,0.00,0.00,0.00,10.34,10.34,0.00,0.00,
13.16,0.00,0.00,5.26,2.63,13.16,0.00,10.53,18.42,7.89,0.00,5.26,5.26,0.00,5.26,0.00,0.00,10.53,2.63,0.00,
47.62,0.00,0.00,0.00,0.00,0.00,0.00,0.00,42.86,0.00,0.00,0.00,0.00,0.00,0.00,0.00,0.00,0.00,9.52,0.00,
0.00,20.00,3.33,10.00,3.33,13.33,0.00,3.33,10.00,3.33,0.00,3.33,6.67,3.33,0.00,6.67,3.33,3.33,3.33,3.33,
38.10,0.00,0.00,0.00,0.00,0.00,0.00,0.00,33.33,0.00,0.00,0.00,0.00,0.00,0.00,0.00,0.00,0.00,28.57,0.00,
7.14,0.00,0.00,0.00,14.29,0.00,7.14,7.14,35.71,14.29,0.00,0.00,7.14,0.00,0.00,0.00,0.00,0.00,7.14,0.00,
6.25,0.00,6.25,0.00,6.25,18.75,0.00,12.50,12.50,12.50,0.00,0.00,0.00,0.00,0.00,0.00,6.25,18.75,0.00,0.00,
6.25,0.00,0.00,0.00,6.25,18.75,0.00,12.50,18.75,12.50,0.00,0.00,0.00,0.00,0.00,6.25,0.00,18.75,0.00,0.00,
7.69,0.00,7.69,7.69,15.38,7.69,0.00,23.08,15.38,7.69,0.00,0.00,0.00,0.00,0.00,7.69,0.00,0.00,0.00,0.00,
11.11,0.00,0.00,0.00,11.11,7.41,0.00,11.11,7.41,18.52,0.00,0.00,7.41,0.00,0.00,18.52,3.70,3.70,0.00,0.00,
15.38,0.00,0.00,0.00,7.69,23.08,0.00,0.00,30.77,7.69,0.00,0.00,0.00,0.00,0.00,0.00,0.00,15.38,0.00,0.00,
42.86,0.00,0.00,0.00,0.00,0.00,0.00,0.00,42.86,0.00,0.00,0.00,0.00,0.00,0.00,0.00,0.00,0.00,14.29,0.00,
6.45,6.45,3.23,0.00,6.45,12.90,0.00,3.23,9.68,6.45,0.00,6.45,0.00,0.00,3.23,6.45,16.13,12.90,0.00,0.00,
26.67,0.00,0.00,0.00,6.67,0.00,0.00,0.00,33.33,33.33,0.00,0.00,0.00,0.00,0.00,0.00,0.00,0.00,0.00,0.00,
11.11,0.00,0.00,3.70,7.41,14.81,0.00,7.41,14.81,14.81,0.00,0.00,0.00,3.70,0.00,7.41,7.41,3.70,0.00,3.70,
20.83,8.33,0.00,0.00,4.17,8.33,0.00,12.50,16.67,4.17,4.17,0.00,4.17,0.00,0.00,0.00,8.33,4.17,0.00,4.17,
0.00,0.00,0.00,0.00,0.00,8.33,8.33,0.00,25.00,25.00,8.33,0.00,0.00,0.00,0.00,8.33,0.00,0.00,16.67,0.00,
26.09,0.00,0.00,0.00,4.35,0.00,0.00,0.00,39.13,30.43,0.00,0.00,0.00,0.00,0.00,0.00,0.00,0.00,0.00,0.00,
19.23,0.00,0.00,0.00,7.69,0.00,3.85,3.85,26.92,3.85,0.00,0.00,0.00,0.00,0.00,15.38,11.54,3.85,3.85,0.00,
25.00,0.00,0.00,0.00,8.33,0.00,0.00,0.00,25.00,41.67,0.00,0.00,0.00,0.00,0.00,0.00,0.00,0.00,0.00,0.00,
0.00,0.00,0.00,0.00,12.82,2.56,0.00,2.56,0.00,5.13,0.00,0.00,48.72,0.00,25.64,0.00,0.00,0.00,0.00,2.56,
8.00,4.00,0.00,4.00,4.00,20.00,0.00,4.00,16.00,12.00,0.00,4.00,4.00,0.00,0.00,4.00,4.00,8.00,4.00,0.00,
18.18,0.00,0.00,0.00,9.09,18.18,0.00,13.64,27.27,9.09,0.00,0.00,0.00,0.00,0.00,0.00,0.00,4.55,0.00,0.00,
10.00,10.00,10.00,10.00,0.00,0.00,0.00,0.00,10.00,10.00,0.00,10.00,0.00,0.00,0.00,0.00,20.00,0.00,0.00,10.00,
9.09,0.00,0.00,0.00,18.18,0.00,0.00,0.00,36.36,18.18,0.00,0.00,0.00,0.00,0.00,0.00,0.00,0.00,18.18,0.00,
7.14,0.00,0.00,0.00,14.29,0.00,0.00,7.14,42.86,14.29,0.00,0.00,7.14,0.00,0.00,0.00,0.00,0.00,7.14,0.00,
0.00,0.00,0.00,0.00,0.00,0.00,0.00,0.00,47.06,52.94,0.00,0.00,0.00,0.00,0.00,0.00,0.00,0.00,0.00,0.00,
3.45,20.69,0.00,3.45,0.00,17.24,0.00,0.00,0.00,3.45,0.00,6.90,10.34,0.00,3.45,3.45,13.79,10.34,3.45,0.00,
5.00,10.00,0.00,0.00,15.00,5.00,0.00,0.00,15.00,40.00,0.00,0.00,10.00,0.00,0.00,0.00,0.00,0.00,0.00,0.00,
4.76,0.00,9.52,4.76,4.76,9.52,4.76,4.76,14.29,19.05,4.76,0.00,0.00,0.00,0.00,4.76,0.00,14.29,0.00,0.00,
0.00,19.35,3.23,3.23,3.23,9.68,0.00,9.68,6.45,3.23,0.00,3.23,6.45,0.00,3.23,12.90,0.00,12.90,0.00,3.23,
11.76,0.00,5.88,0.00,5.88,17.65,5.88,23.53,11.76,5.88,0.00,0.00,0.00,0.00,0.00,5.88,0.00,5.88,0.00,0.00,
0.00,0.00,0.00,0.00,0.00,10.00,0.00,50.00,40.00,0.00,0.00,0.00,0.00,0.00,0.00,0.00,0.00,0.00,0.00,0.00,
29.63,0.00,0.00,0.00,0.00,3.70,0.00,0.00,14.81,22.22,3.70,7.41,0.00,0.00,0.00,0.00,3.70,11.11,3.70,0.00,
6.98,18.60,4.65,0.00,2.33,11.63,2.33,2.33,9.30,6.98,0.00,9.30,2.33,2.33,4.65,4.65,6.98,0.00,2.33,2.33,
10.81,5.41,5.41,0.00,8.11,13.51,0.00,5.41,16.22,10.81,0.00,0.00,0.00,2.70,2.70,10.81,0.00,8.11,0.00,0.00,
23.08,0.00,0.00,0.00,7.69,0.00,0.00,7.69,30.77,30.77,0.00,0.00,0.00,0.00,0.00,0.00,0.00,0.00,0.00,0.00,
23.08,0.00,0.00,0.00,15.38,0.00,0.00,0.00,30.77,30.77,0.00,0.00,0.00,0.00,0.00,0.00,0.00,0.00,0.00,0.00,
12.20,14.63,2.44,0.00,4.88,12.20,2.44,7.32,2.44,4.88,0.00,4.88,7.32,7.32,4.88,2.44,7.32,2.44,0.00,0.00,
0.00,0.00,0.00,0.00,15.38,7.69,0.00,15.38,7.69,15.38,0.00,7.69,0.00,0.00,7.69,7.69,0.00,7.69,0.00,7.69,
8.51,21.28,4.26,4.26,2.13,2.13,2.13,4.26,17.02,4.26,0.00,2.13,4.26,0.00,4.26,6.38,6.38,4.26,2.13,0.00,
3.45,20.69,0.00,3.45,0.00,17.24,0.00,3.45,0.00,3.45,0.00,6.90,10.34,0.00,3.45,6.90,13.79,3.45,3.45,0.00,
3.70,0.00,3.70,0.00,3.70,7.41,0.00,14.81,22.22,11.11,3.70,0.00,0.00,0.00,14.81,3.70,7.41,3.70,0.00,0.00,
27.78,0.00,0.00,0.00,0.00,0.00,0.00,0.00,16.67,5.56,5.56,0.00,5.56,0.00,27.78,0.00,0.00,0.00,11.11,0.00,
0.00,11.76,0.00,5.88,5.88,17.65,11.76,0.00,0.00,5.88,0.00,5.88,0.00,0.00,5.88,0.00,17.65,0.00,5.88,5.88,
9.52,0.00,14.29,7.14,0.00,2.38,2.38,9.52,4.76,9.52,0.00,4.76,11.90,0.00,7.14,2.38,4.76,2.38,2.38,4.76,
0.00,0.00,0.00,0.00,0.00,16.67,0.00,16.67,25.00,16.67,8.33,0.00,0.00,0.00,8.33,0.00,0.00,0.00,8.33,0.00,
5.26,15.79,5.26,0.00,0.00,10.53,0.00,0.00,5.26,5.26,0.00,10.53,5.26,0.00,0.00,15.79,10.53,0.00,5.26,5.26,
10.00,15.00,5.00,2.50,5.00,10.00,5.00,2.50,12.50,5.00,0.00,5.00,0.00,0.00,7.50,10.00,2.50,2.50,0.00,0.00,
3.70,0.00,3.70,0.00,3.70,7.41,0.00,14.81,22.22,14.81,0.00,0.00,0.00,0.00,14.81,3.70,7.41,3.70,0.00,0.00,
26.09,0.00,0.00,0.00,30.43,0.00,0.00,0.00,39.13,0.00,0.00,0.00,0.00,0.00,0.00,0.00,0.00,4.35,0.00,0.00,
14.29,0.00,0.00,0.00,4.76,14.29,0.00,14.29,14.29,23.81,0.00,0.00,4.76,4.76,0.00,4.76,0.00,0.00,0.00,0.00,
3.23,19.35,0.00,3.23,3.23,9.68,0.00,16.13,6.45,0.00,0.00,6.45,6.45,0.00,0.00,16.13,0.00,6.45,0.00,3.23,
0.00,40.00,0.00,0.00,10.00,10.00,0.00,0.00,0.00,5.00,5.00,0.00,5.00,0.00,25.00,0.00,0.00,0.00,0.00,0.00,
7.69,0.00,0.00,0.00,7.69,15.38,0.00,0.00,15.38,7.69,0.00,0.00,0.00,7.69,0.00,7.69,15.38,7.69,0.00,7.69,
12.50,8.33,0.00,0.00,8.33,4.17,0.00,4.17,20.83,12.50,0.00,0.00,4.17,0.00,0.00,8.33,4.17,12.50,0.00,0.00,
0.00,0.00,0.00,0.00,0.00,22.22,0.00,11.11,0.00,11.11,22.22,0.00,22.22,0.00,0.00,0.00,0.00,0.00,0.00,11.11,
16.67,0.00,0.00,0.00,0.00,5.56,0.00,16.67,5.56,27.78,5.56,0.00,5.56,0.00,0.00,16.67,0.00,0.00,0.00,0.00,
27.78,5.56,5.56,5.56,0.00,0.00,0.00,0.00,0.00,16.67,0.00,0.00,0.00,0.00,0.00,11.11,5.56,11.11,11.11,0.00,
6.67,0.00,6.67,0.00,13.33,0.00,0.00,26.67,13.33,6.67,0.00,13.33,0.00,0.00,0.00,6.67,0.00,6.67,0.00,0.00,
18.75,0.00,0.00,0.00,6.25,6.25,0.00,12.50,12.50,12.50,0.00,0.00,0.00,0.00,12.50,0.00,0.00,18.75,0.00,0.00,
21.05,0.00,0.00,0.00,10.53,0.00,10.53,15.79,5.26,10.53,0.00,5.26,5.26,0.00,0.00,10.53,0.00,5.26,0.00,0.00,
25.00,20.00,0.00,0.00,0.00,40.00,0.00,0.00,0.00,0.00,0.00,0.00,0.00,0.00,0.00,0.00,15.00,0.00,0.00,0.00,
15.38,0.00,0.00,0.00,15.38,7.69,7.69,0.00,7.69,38.46,0.00,0.00,0.00,0.00,0.00,7.69,0.00,0.00,0.00,0.00,
7.69,0.00,0.00,0.00,7.69,7.69,0.00,0.00,30.77,30.77,7.69,0.00,0.00,0.00,0.00,0.00,0.00,7.69,0.00,0.00,
30.77,0.00,0.00,0.00,7.69,0.00,0.00,0.00,30.77,30.77,0.00,0.00,0.00,0.00,0.00,0.00,0.00,0.00,0.00,0.00,
0.00,0.00,0.00,0.00,0.00,0.00,0.00,7.69,7.69,7.69,0.00,0.00,23.08,0.00,15.38,0.00,0.00,0.00,38.46,0.00,
0.00,0.00,0.00,0.00,20.00,0.00,0.00,0.00,50.00,0.00,0.00,0.00,0.00,0.00,0.00,0.00,0.00,30.00,0.00,0.00,
14.71,23.53,0.00,0.00,5.88,11.76,0.00,0.00,11.76,0.00,0.00,0.00,0.00,0.00,17.65,8.82,0.00,0.00,2.94,2.94,
6.67,6.67,0.00,0.00,6.67,6.67,0.00,0.00,20.00,6.67,6.67,0.00,0.00,6.67,20.00,0.00,0.00,0.00,13.33,0.00,
12.00,0.00,0.00,8.00,0.00,16.00,0.00,0.00,0.00,16.00,0.00,0.00,4.00,8.00,8.00,12.00,12.00,0.00,4.00,0.00,
13.33,6.67,3.33,0.00,0.00,16.67,3.33,6.67,6.67,0.00,0.00,13.33,3.33,3.33,0.00,3.33,6.67,6.67,0.00,6.67,
0.00,0.00,0.00,0.00,7.69,15.38,0.00,23.08,7.69,30.77,0.00,0.00,7.69,0.00,0.00,0.00,7.69,0.00,0.00,0.00,
10.00,0.00,0.00,0.00,15.00,10.00,5.00,10.00,30.00,10.00,0.00,0.00,0.00,0.00,0.00,5.00,0.00,0.00,5.00,0.00,
15.38,0.00,0.00,0.00,15.38,7.69,7.69,0.00,7.69,38.46,0.00,0.00,0.00,0.00,0.00,7.69,0.00,0.00,0.00,0.00,
30.00,0.00,0.00,0.00,10.00,0.00,0.00,0.00,30.00,30.00,0.00,0.00,0.00,0.00,0.00,0.00,0.00,0.00,0.00,0.00,
4.35,13.04,2.17,6.52,2.17,15.22,4.35,0.00,6.52,4.35,0.00,2.17,13.04,2.17,6.52,6.52,6.52,4.35,0.00,0.00,
0.00,15.38,0.00,0.00,15.38,0.00,0.00,7.69,7.69,7.69,7.69,0.00,7.69,0.00,15.38,15.38,0.00,0.00,0.00,0.00,
10.53,0.00,0.00,0.00,10.53,0.00,15.79,10.53,0.00,15.79,0.00,5.26,5.26,0.00,0.00,10.53,5.26,10.53,0.00,0.00,
6.25,0.00,6.25,0.00,6.25,18.75,0.00,12.50,12.50,12.50,0.00,0.00,0.00,0.00,0.00,6.25,0.00,18.75,0.00,0.00,
9.52,0.00,0.00,0.00,0.00,19.05,0.00,0.00,0.00,0.00,0.00,0.00,66.67,0.00,4.76,0.00,0.00,0.00,0.00,0.00,
8.00,16.00,6.00,6.00,4.00,10.00,8.00,0.00,10.00,2.00,2.00,2.00,0.00,4.00,2.00,6.00,6.00,2.00,4.00,2.00,
0.00,0.00,0.00,0.00,0.00,20.00,0.00,0.00,0.00,20.00,20.00,0.00,0.00,0.00,0.00,0.00,40.00,0.00,0.00,0.00,
7.69,0.00,0.00,0.00,7.69,7.69,0.00,7.69,7.69,38.46,0.00,0.00,0.00,0.00,0.00,15.38,7.69,0.00,0.00,0.00,
13.04,13.04,4.35,4.35,0.00,13.04,4.35,2.17,8.70,13.04,2.17,0.00,2.17,0.00,0.00,2.17,4.35,8.70,2.17,2.17,
27.27,0.00,9.09,0.00,0.00,0.00,0.00,9.09,0.00,0.00,0.00,0.00,9.09,0.00,27.27,0.00,0.00,18.18,0.00,0.00,
8.00,0.00,0.00,4.00,0.00,8.00,12.00,4.00,0.00,20.00,0.00,0.00,8.00,4.00,0.00,8.00,0.00,24.00,0.00,0.00,
0.00,15.79,5.26,0.00,15.79,10.53,0.00,0.00,10.53,0.00,0.00,5.26,5.26,5.26,0.00,10.53,10.53,5.26,0.00,0.00,
6.67,0.00,0.00,0.00,20.00,0.00,6.67,6.67,33.33,13.33,0.00,0.00,6.67,0.00,0.00,0.00,0.00,0.00,6.67,0.00,
0.00,0.00,6.67,13.33,6.67,0.00,0.00,0.00,6.67,20.00,0.00,6.67,6.67,6.67,0.00,13.33,6.67,0.00,6.67,0.00,
0.00,0.00,5.26,7.89,2.63,10.53,26.32,0.00,7.89,2.63,0.00,5.26,0.00,0.00,13.16,7.89,0.00,0.00,0.00,10.53,
5.56,0.00,0.00,0.00,16.67,0.00,5.56,5.56,38.89,11.11,0.00,0.00,5.56,0.00,0.00,5.56,0.00,0.00,5.56,0.00,
5.88,0.00,5.88,0.00,11.76,0.00,0.00,23.53,29.41,5.88,0.00,11.76,0.00,0.00,0.00,5.88,0.00,0.00,0.00,0.00,
16.67,5.56,0.00,0.00,0.00,11.11,5.56,0.00,11.11,0.00,0.00,0.00,5.56,0.00,5.56,22.22,0.00,0.00,16.67,0.00,
45.00,0.00,0.00,0.00,0.00,0.00,0.00,0.00,40.00,0.00,0.00,0.00,0.00,0.00,0.00,0.00,0.00,0.00,15.00,0.00,
0.00,0.00,0.00,0.00,7.69,15.38,0.00,15.38,0.00,30.77,0.00,0.00,7.69,0.00,7.69,7.69,0.00,7.69,0.00,0.00,
27.78,0.00,0.00,0.00,5.56,0.00,0.00,0.00,16.67,5.56,5.56,0.00,5.56,0.00,16.67,0.00,0.00,0.00,16.67,0.00,
0.00,0.00,0.00,0.00,7.69,0.00,3.85,3.85,26.92,23.08,0.00,0.00,0.00,0.00,0.00,15.38,11.54,3.85,3.85,0.00,
23.08,0.00,0.00,0.00,7.69,0.00,0.00,0.00,38.46,30.77,0.00,0.00,0.00,0.00,0.00,0.00,0.00,0.00,0.00,0.00,
30.00,0.00,0.00,0.00,10.00,0.00,0.00,0.00,30.00,30.00,0.00,0.00,0.00,0.00,0.00,0.00,0.00,0.00,0.00,0.00,
12.50,0.00,0.00,0.00,6.25,12.50,0.00,12.50,18.75,12.50,0.00,0.00,0.00,0.00,0.00,6.25,0.00,18.75,0.00,0.00,
12.12,12.12,6.06,0.00,0.00,6.06,0.00,15.15,9.09,3.03,0.00,6.06,3.03,0.00,3.03,6.06,12.12,3.03,3.03,0.00,
0.00,8.16,12.24,16.33,4.08,2.04,0.00,2.04,6.12,2.04,4.08,2.04,0.00,12.24,10.20,8.16,2.04,2.04,2.04,4.08,
